0001 (06/11/2001) 07 15 24 41 48 50 - 09 37 41 43 44 49
0002 (09/11/2001) 04 09 11 32 38 42 - 09 13 19 24 29 46
0003 (13/11/2001) 11 34 42 44 45 47 - 12 24 30 40 47 48
0004 (16/11/2001) 29 38 43 44 46 50 - 02 07 11 44 46 49
0005 (20/11/2001) 07 12 16 25 32 40 - 03 10 12 19 26 49
0006 (23/11/2001) 09 13 14 16 31 41 - 02 31 35 36 42 47
0007 (27/11/2001) 06 09 17 23 24 32 - 05 08 28 30 32 45
0008 (30/11/2001) 11 24 29 32 38 39 - 02 14 17 30 31 39
0009 (04/12/2001) 10 18 22 37 42 44 - 10 26 31 37 42 46
0010 (07/12/2001) 17 19 31 34 39 44 - 04 05 11 20 24 40
0011 (11/12/2001) 02 04 08 27 36 43 - 05 08 17 40 43 45
0012 (14/12/2001) 12 21 28 29 45 48 - 15 18 19 20 25 31
0013 (18/12/2001) 01 03 31 33 37 46 - 04 13 31 43 47 49
0014 (21/12/2001) 06 07 33 38 39 47 - 05 12 14 16 19 26
0015 (28/12/2001) 04 30 32 40 43 44 - 07 13 20 23 28 34
0016 (04/01/2002) 19 21 25 26 41 46 - 05 06 22 27 31 38
0017 (08/01/2002) 03 05 14 43 44 47 - 01 02 27 36 37 43
0018 (11/01/2002) 15 27 28 35 41 50 - 01 13 14 22 23 38
0019 (15/01/2002) 05 10 19 25 33 34 - 15 24 27 32 39 47
0020 (18/01/2002) 07 13 16 26 45 49 - 18 25 39 43 47 48
0021 (22/01/2002) 06 14 17 30 37 44 - 06 09 14 20 24 26
0022 (25/01/2002) 02 17 27 29 34 42 - 07 13 28 34 42 43
0023 (29/01/2002) 08 09 10 11 22 42 - 04 07 08 20 34 37
0024 (01/02/2002) 19 24 25 26 42 44 - 01 06 11 15 16 36
0025 (05/02/2002) 06 15 30 35 42 46 - 19 23 24 33 41 44
0026 (08/02/2002) 02 04 08 17 23 38 - 04 19 26 39 48 49
0027 (15/02/2002) 05 07 19 29 32 35 - 03 28 37 42 44 47
0028 (19/02/2002) 01 10 13 22 26 38 - 27 30 31 34 40 49
0029 (22/02/2002) 01 12 19 23 39 50 - 16 25 35 41 45 47
0030 (26/02/2002) 08 18 21 33 36 46 - 03 05 13 15 28 43
0031 (01/03/2002) 05 19 20 29 32 43 - 31 35 36 46 47 49
0032 (05/03/2002) 18 20 24 30 39 47 - 06 12 14 25 26 39
0033 (08/03/2002) 11 16 17 19 24 32 - 13 21 22 25 33 49
0034 (12/03/2002) 01 07 29 40 41 45 - 01 15 22 24 29 45
0035 (15/03/2002) 01 02 06 26 30 45 - 07 08 13 28 33 47
0036 (19/03/2002) 09 12 14 17 22 50 - 02 13 41 42 44 45
0037 (22/03/2002) 11 25 33 45 47 48 - 10 11 29 30 45 47
0038 (26/03/2002) 02 18 19 31 39 46 - 15 22 24 29 45 48
0039 (02/04/2002) 03 12 15 37 44 50 - 07 22 28 34 44 46
0040 (05/04/2002) 04 09 15 21 23 32 - 06 08 09 15 36 41
0041 (09/04/2002) 15 22 25 32 34 47 - 06 18 26 28 33 43
0042 (12/04/2002) 05 06 14 39 42 48 - 04 21 27 38 43 45
0043 (17/04/2002) 01 10 32 34 39 43 - 05 11 26 32 39 41
0044 (19/04/2002) 03 09 15 28 35 45 - 03 04 30 33 42 45
0045 (23/04/2002) 02 19 23 28 44 47 - 21 30 36 42 46 49
0046 (26/04/2002) 01 09 14 26 29 41 - 16 20 30 34 39 42
0047 (30/04/2002) 03 13 21 26 34 37 - 06 09 22 28 30 44
0048 (03/05/2002) 16 23 32 41 42 43 - 02 18 19 39 42 49
0049 (07/05/2002) 02 15 21 33 41 45 - 29 32 35 41 45 49
0050 (10/05/2002) 07 08 26 33 36 40 - 02 13 15 34 35 42
0051 (14/05/2002) 04 07 11 12 22 28 - 33 41 42 45 47 48
0052 (17/05/2002) 03 17 26 39 42 48 - 07 08 14 34 43 48
0053 (21/05/2002) 04 05 20 23 29 42 - 03 08 25 34 35 48
0054 (24/05/2002) 04 05 23 27 34 36 - 10 24 32 37 44 45
0055 (28/05/2002) 04 27 33 43 44 45 - 06 17 24 26 42 46
0056 (31/05/2002) 03 10 18 33 40 47 - 14 15 18 39 40 41
0057 (04/06/2002) 01 18 23 35 38 46 - 11 15 30 44 47 48
0058 (07/06/2002) 14 23 25 32 33 42 - 09 14 29 40 48 49
0059 (11/06/2002) 02 16 28 33 38 46 - 23 28 32 35 38 43
0060 (14/06/2002) 12 15 29 35 36 43 - 03 07 21 29 34 49
0061 (18/06/2002) 01 09 18 28 32 36 - 10 17 24 30 38 41
0062 (21/06/2002) 04 08 23 28 38 43 - 05 11 27 42 47 48
0063 (25/06/2002) 05 09 10 16 40 47 - 12 24 28 30 41 46
0064 (28/06/2002) 10 11 12 26 37 42 - 15 16 32 42 44 49
0065 (02/07/2002) 01 05 08 14 29 44 - 11 14 18 23 28 35
0066 (05/07/2002) 06 17 19 31 33 47 - 13 15 24 39 47 49
0067 (09/07/2002) 34 35 40 43 46 48 - 02 12 18 33 34 49
0068 (12/07/2002) 03 12 15 21 24 28 - 09 11 13 18 38 43
0069 (16/07/2002) 02 09 14 18 37 47 - 14 25 27 35 45 49
0070 (19/07/2002) 17 23 25 26 29 46 - 02 14 20 22 40 49
0071 (23/07/2002) 15 25 33 36 45 47 - 07 08 12 37 42 49
0072 (26/07/2002) 08 14 34 37 39 47 - 01 02 05 16 32 48
0073 (30/07/2002) 06 17 21 33 40 45 - 01 06 20 39 48 49
0074 (02/08/2002) 07 12 15 16 28 46 - 04 13 15 24 27 39
0075 (06/08/2002) 07 11 13 22 30 43 - 16 19 23 28 34 41
0076 (09/08/2002) 11 21 31 36 41 48 - 04 16 19 29 44 47
0077 (13/08/2002) 11 23 29 31 39 50 - 04 11 14 15 34 37
0078 (16/08/2002) 06 08 21 41 42 45 - 12 19 33 36 43 49
0079 (20/08/2002) 02 04 08 18 26 33 - 01 04 14 28 46 47
0080 (23/08/2002) 19 23 27 33 41 45 - 10 19 33 37 45 50
0081 (27/08/2002) 04 16 31 32 38 39 - 12 15 19 26 32 35
0082 (30/08/2002) 15 18 23 32 35 39 - 12 14 17 36 42 48
0083 (03/09/2002) 06 08 13 15 41 48 - 06 09 12 18 41 48
0084 (06/09/2002) 04 11 27 31 34 42 - 17 25 27 35 39 50
0085 (10/09/2002) 09 19 25 27 28 32 - 01 19 23 24 30 45
0086 (13/09/2002) 14 23 25 32 33 48 - 13 27 29 31 33 37
0087 (17/09/2002) 01 19 23 39 42 47 - 13 19 23 37 38 41
0088 (20/09/2002) 18 20 30 42 46 50 - 01 09 17 21 28 33
0089 (24/09/2002) 04 08 14 31 39 42 - 03 04 11 31 32 44
0090 (27/09/2002) 07 28 36 39 40 50 - 03 05 08 15 37 43
0091 (01/10/2002) 11 15 19 33 34 43 - 03 11 13 41 43 44
0092 (04/10/2002) 01 28 31 34 35 38 - 11 24 31 40 41 45
0093 (08/10/2002) 01 22 25 28 33 44 - 04 11 17 36 38 50
0094 (11/10/2002) 21 25 26 32 36 43 - 02 17 21 23 40 41
0095 (15/10/2002) 19 27 29 31 38 42 - 03 05 06 23 35 44
0096 (18/10/2002) 07 09 11 13 22 50 - 01 07 19 31 37 42
0097 (22/10/2002) 04 05 16 17 19 21 - 18 28 39 42 45 46
0098 (25/10/2002) 11 15 17 20 27 33 - 07 19 34 37 38 45
0099 (29/10/2002) 12 21 30 38 43 45 - 01 07 08 17 27 32
0100 (01/11/2002) 09 11 22 26 33 47 - 02 04 12 26 33 39
0101 (05/11/2002) 03 19 25 37 39 49 - 07 08 09 22 32 42
0102 (08/11/2002) 05 19 26 30 35 40 - 13 25 27 32 35 38
0103 (12/11/2002) 07 15 33 37 41 45 - 06 14 17 43 45 48
0104 (15/11/2002) 08 24 28 29 30 38 - 08 13 16 19 36 49
0105 (19/11/2002) 02 06 23 27 43 50 - 01 02 16 29 36 42
0106 (22/11/2002) 01 06 11 31 46 49 - 21 31 37 40 47 49
0107 (26/11/2002) 17 19 31 33 36 40 - 07 10 15 31 33 41
0108 (29/11/2002) 06 10 14 16 18 34 - 15 26 27 37 41 42
0109 (03/12/2002) 26 32 41 44 45 46 - 28 33 43 44 46 49
0110 (06/12/2002) 14 20 27 34 38 43 - 01 19 21 36 37 39
0111 (10/12/2002) 06 07 16 47 48 49 - 12 13 18 22 39 40
0112 (13/12/2002) 14 16 37 45 46 47 - 06 10 12 23 27 32
0113 (17/12/2002) 21 30 31 42 45 50 - 07 13 14 16 21 46
0114 (20/12/2002) 14 28 29 30 33 39 - 02 12 22 40 41 44
0115 (27/12/2002) 03 08 23 26 38 44 - 09 19 22 23 33 35
0116 (03/01/2003) 05 08 10 34 38 47 - 05 12 32 41 44 47
0117 (07/01/2003) 13 14 26 28 44 46 - 07 11 15 23 24 32
0118 (10/01/2003) 03 05 16 18 33 49 - 11 15 26 38 45 46
0119 (14/01/2003) 11 20 27 36 38 45 - 09 33 35 38 40 44
0120 (17/01/2003) 29 34 36 38 40 50 - 03 25 36 40 44 49
0121 (21/01/2003) 07 09 12 15 31 39 - 20 25 29 46 49 50
0122 (24/01/2003) 03 09 17 18 22 38 - 08 19 21 23 28 35
0123 (28/01/2003) 12 32 35 38 39 49 - 19 28 31 43 45 48
0124 (31/01/2003) 11 28 36 37 46 47 - 06 09 22 30 38 48
0125 (04/02/2003) 07 08 11 15 41 46 - 24 31 35 39 43 49
0126 (07/02/2003) 01 04 25 42 43 47 - 09 20 24 26 36 39
0127 (11/02/2003) 01 16 17 31 42 44 - 09 14 30 31 38 49
0128 (14/02/2003) 04 12 21 22 28 42 - 03 04 27 35 44 49
0129 (18/02/2003) 03 11 14 27 33 49 - 06 11 31 34 37 44
0130 (21/02/2003) 01 04 16 18 39 45 - 02 05 10 13 45 50
0131 (25/02/2003) 04 23 29 30 40 47 - 05 06 26 31 32 43
0132 (28/02/2003) 04 07 19 37 44 46 - 09 12 16 21 23 47
0133 (07/03/2003) 03 27 29 38 41 47 - 01 08 09 19 20 30
0134 (11/03/2003) 19 21 22 25 29 31 - 03 12 33 37 40 46
0135 (14/03/2003) 02 03 12 13 26 44 - 03 06 43 45 46 49
0136 (18/03/2003) 06 10 20 26 38 47 - 02 21 27 37 40 46
0137 (21/03/2003) 14 18 29 31 42 48 - 01 04 15 20 33 35
0138 (25/03/2003) 01 02 03 11 24 42 - 05 16 21 35 36 40
0139 (28/03/2003) 13 19 29 42 44 48 - 07 08 17 18 32 50
0140 (01/04/2003) 04 08 43 44 46 47 - 07 12 17 19 32 47
0141 (04/04/2003) 15 27 32 33 42 43 - 09 15 19 36 39 42
0142 (08/04/2003) 05 06 20 36 38 45 - 05 07 14 34 43 46
0143 (11/04/2003) 01 06 19 32 44 49 - 21 25 35 39 43 47
0144 (15/04/2003) 08 21 35 42 45 49 - 06 24 28 33 35 42
0145 (18/04/2003) 12 15 19 29 43 47 - 02 12 26 31 38 42
0146 (22/04/2003) 08 11 14 34 42 47 - 07 09 11 28 32 47
0147 (25/04/2003) 05 09 33 34 40 44 - 05 12 21 27 32 43
0148 (29/04/2003) 09 27 28 32 48 49 - 01 11 18 19 34 44
0149 (02/05/2003) 18 31 37 39 41 50 - 05 20 24 27 38 41
0150 (06/05/2003) 03 05 10 13 27 50 - 10 29 34 47 48 50
0151 (09/05/2003) 12 20 22 27 37 41 - 01 06 13 28 29 44
0152 (13/05/2003) 08 24 25 42 47 49 - 23 26 27 40 41 45
0153 (16/05/2003) 03 08 15 21 38 41 - 09 24 28 31 37 43
0154 (20/05/2003) 01 02 04 13 17 19 - 12 19 20 25 26 46
0155 (23/05/2003) 03 07 22 25 31 37 - 09 12 19 21 26 32
0156 (27/05/2003) 08 19 21 32 37 46 - 04 10 18 20 33 46
0157 (30/05/2003) 09 22 27 35 36 45 - 01 07 12 16 23 26
0158 (03/06/2003) 02 10 14 20 29 38 - 02 22 29 30 39 41
0159 (06/06/2003) 03 12 21 28 37 42 - 03 04 10 11 40 47
0160 (10/06/2003) 06 19 27 34 37 38 - 03 17 19 35 38 45
0161 (13/06/2003) 09 24 26 29 35 44 - 07 11 25 30 36 49
0162 (17/06/2003) 31 38 39 40 43 44 - 08 13 14 23 27 39
0163 (20/06/2003) 15 19 20 25 34 46 - 04 16 20 22 35 49
0164 (24/06/2003) 04 23 40 41 45 47 - 19 20 26 27 33 50
0165 (27/06/2003) 06 11 16 26 44 49 - 07 19 20 26 35 38
0166 (01/07/2003) 27 36 39 40 41 47 - 06 09 11 16 49 50
0167 (04/07/2003) 11 12 14 17 21 33 - 02 16 26 35 39 50
0168 (08/07/2003) 07 14 17 20 21 29 - 08 17 31 32 41 49
0169 (11/07/2003) 01 12 22 23 38 46 - 04 12 20 27 32 36
0170 (15/07/2003) 04 16 29 33 42 49 - 12 16 18 23 43 47
0171 (18/07/2003) 16 21 25 31 35 43 - 21 23 25 33 45 46
0172 (22/07/2003) 06 11 25 34 42 47 - 02 12 15 16 28 34
0173 (25/07/2003) 03 14 22 25 27 44 - 15 16 26 35 44 49
0174 (29/07/2003) 09 11 12 19 29 34 - 10 12 15 28 43 50
0175 (01/08/2003) 02 15 28 44 45 48 - 01 06 12 22 37 43
0176 (05/08/2003) 09 19 21 22 29 46 - 06 10 27 31 39 48
0177 (08/08/2003) 13 20 23 31 33 36 - 07 28 40 44 47 49
0178 (12/08/2003) 07 08 10 14 21 44 - 09 15 18 29 41 49
0179 (15/08/2003) 13 15 18 21 29 33 - 11 16 17 20 36 40
0180 (19/08/2003) 02 09 20 35 38 42 - 09 21 26 28 31 33
0181 (22/08/2003) 03 19 25 30 33 49 - 11 25 28 30 38 49
0182 (26/08/2003) 03 17 26 42 45 49 - 05 11 13 16 22 23
0183 (29/08/2003) 21 24 26 39 42 49 - 06 10 13 16 36 38
0184 (02/09/2003) 08 19 39 44 46 47 - 07 14 17 24 28 48
0185 (05/09/2003) 10 31 42 44 46 49 - 04 07 08 19 29 43
0186 (09/09/2003) 01 14 15 22 30 36 - 09 20 22 27 41 50
0187 (12/09/2003) 04 09 10 11 26 37 - 02 10 11 12 37 42
0188 (16/09/2003) 02 06 09 24 33 49 - 03 24 28 35 37 48
0189 (19/09/2003) 01 03 17 18 25 33 - 17 18 27 30 47 49
0190 (23/09/2003) 02 11 29 36 43 45 - 02 03 25 47 48 49
0191 (26/09/2003) 03 31 34 35 37 43 - 02 09 10 11 27 41
0192 (30/09/2003) 02 09 19 21 23 31 - 03 05 27 28 33 44
0193 (03/10/2003) 06 16 40 41 46 47 - 13 17 30 36 44 46
0194 (07/10/2003) 02 06 12 13 18 19 - 04 20 26 32 36 47
0195 (10/10/2003) 05 20 30 32 34 42 - 05 06 12 23 25 40
0196 (14/10/2003) 23 28 32 42 43 45 - 21 23 29 33 40 45
0197 (17/10/2003) 03 12 13 18 31 40 - 04 12 16 29 33 35
0198 (21/10/2003) 07 30 35 38 39 43 - 07 25 31 38 39 44
0199 (24/10/2003) 01 11 25 33 40 48 - 02 19 29 38 39 46
0200 (28/10/2003) 04 06 08 23 29 36 - 23 32 34 38 39 50
0201 (31/10/2003) 08 31 32 43 44 49 - 13 20 41 42 44 49
0202 (04/11/2003) 01 03 05 18 38 41 - 08 17 21 33 46 49
0203 (07/11/2003) 12 24 36 37 40 44 - 21 34 36 37 43 46
0204 (11/11/2003) 02 06 28 34 39 40 - 03 34 35 36 41 44
0205 (14/11/2003) 08 28 33 35 45 48 - 04 08 23 37 44 50
0206 (18/11/2003) 07 08 16 21 26 45 - 04 10 12 30 42 46
0207 (21/11/2003) 12 15 16 27 36 43 - 13 30 35 38 44 45
0208 (25/11/2003) 09 10 18 38 39 46 - 28 31 36 47 48 49
0209 (28/11/2003) 02 10 23 30 36 47 - 02 05 30 35 38 42
0210 (02/12/2003) 04 20 29 38 39 42 - 11 22 25 36 37 45
0211 (05/12/2003) 10 13 25 28 31 36 - 03 10 14 29 40 47
0212 (09/12/2003) 08 17 19 29 34 40 - 13 14 17 22 27 49
0213 (12/12/2003) 04 08 12 13 18 35 - 07 15 19 42 47 49
0214 (16/12/2003) 12 20 21 22 34 47 - 02 14 35 36 42 47
0215 (19/12/2003) 08 11 18 25 40 44 - 02 03 11 21 30 42
0216 (23/12/2003) 15 21 33 39 40 50 - 13 15 18 19 39 50
0217 (26/12/2003) 02 05 18 26 36 37 - 03 15 20 30 35 40
0218 (30/12/2003) 07 19 30 34 37 41 - 17 18 28 36 41 46
0219 (02/01/2004) 03 04 13 21 29 35 - 04 17 18 22 25 43
0220 (06/01/2004) 05 06 11 19 31 33 - 18 24 41 42 47 50
0221 (09/01/2004) 16 17 21 33 34 39 - 01 02 14 19 32 37
0222 (13/01/2004) 11 15 28 35 41 43 - 08 10 12 31 45 50
0223 (16/01/2004) 03 13 14 26 44 45 - 14 17 24 25 48 50
0224 (20/01/2004) 01 07 13 26 42 44 - 02 10 34 36 38 39
0225 (23/01/2004) 13 25 28 45 47 49 - 12 29 36 44 47 48
0226 (27/01/2004) 03 20 28 35 44 47 - 03 22 24 29 31 32
0227 (30/01/2004) 01 10 14 19 33 40 - 14 21 22 26 30 39
0228 (03/02/2004) 03 11 12 14 21 30 - 08 15 22 26 39 50
0229 (06/02/2004) 05 08 19 28 30 48 - 06 09 10 23 37 46
0230 (10/02/2004) 05 12 21 26 45 47 - 01 06 07 33 34 46
0231 (13/02/2004) 04 05 12 26 36 41 - 06 15 18 22 25 46
0232 (17/02/2004) 12 14 27 44 47 48 - 07 21 27 32 46 48
0233 (20/02/2004) 05 24 25 27 38 43 - 02 05 06 19 27 48
0234 (27/02/2004) 04 22 29 35 36 47 - 02 37 42 44 47 48
0235 (02/03/2004) 13 18 21 22 25 45 - 10 11 13 19 35 39
0236 (05/03/2004) 16 18 21 25 26 35 - 03 10 15 20 23 46
0237 (09/03/2004) 14 24 26 28 29 43 - 04 09 14 36 44 45
0238 (12/03/2004) 06 07 14 24 45 48 - 08 13 27 37 43 49
0239 (16/03/2004) 01 07 16 37 42 45 - 09 14 33 38 45 48
0240 (19/03/2004) 17 27 31 34 44 47 - 01 09 13 16 21 26
0241 (23/03/2004) 03 05 16 18 45 48 - 16 25 31 41 46 48
0242 (26/03/2004) 03 13 14 16 25 26 - 01 05 11 17 35 49
0243 (30/03/2004) 03 16 17 31 39 40 - 06 12 13 19 20 32
0244 (02/04/2004) 17 26 31 41 42 44 - 17 23 24 29 46 47
0245 (06/04/2004) 02 05 20 40 43 46 - 09 12 18 33 34 43
0246 (13/04/2004) 11 21 26 27 38 50 - 01 02 12 31 37 50
0247 (16/04/2004) 02 12 18 24 46 47 - 06 13 19 31 48 50
0248 (20/04/2004) 10 13 14 22 23 41 - 11 23 26 39 44 48
0249 (23/04/2004) 04 07 08 11 46 48 - 17 21 23 29 32 43
0250 (27/04/2004) 14 18 23 28 31 48 - 08 17 34 35 45 47
0251 (30/04/2004) 01 04 06 35 43 47 - 01 21 24 38 39 49
0252 (04/05/2004) 05 14 19 31 36 42 - 12 18 19 34 38 47
0253 (07/05/2004) 03 05 12 13 25 43 - 06 07 11 38 39 43
0254 (11/05/2004) 14 18 21 29 40 41 - 09 28 41 42 43 47
0255 (14/05/2004) 24 25 33 37 39 47 - 04 05 15 29 31 43
0256 (18/05/2004) 07 29 30 34 35 47 - 02 06 12 41 44 45
0257 (21/05/2004) 05 11 23 33 46 48 - 02 03 05 26 29 48
0258 (25/05/2004) 19 21 29 32 35 48 - 17 22 29 31 37 48
0259 (28/05/2004) 10 17 22 28 29 40 - 15 20 31 37 41 48
0260 (01/06/2004) 05 18 26 35 40 42 - 05 06 26 30 40 49
0261 (04/06/2004) 15 20 26 27 30 40 - 03 17 28 36 39 48
0262 (08/06/2004) 09 23 25 36 44 50 - 02 07 20 28 35 49
0263 (11/06/2004) 11 15 17 30 42 48 - 01 06 13 25 36 43
0264 (15/06/2004) 04 05 13 30 38 41 - 22 23 24 31 39 43
0265 (18/06/2004) 03 15 17 21 47 48 - 01 28 31 43 46 48
0266 (22/06/2004) 09 10 12 16 33 47 - 03 06 14 17 26 43
0267 (25/06/2004) 03 07 14 24 36 46 - 03 04 23 27 34 50
0268 (29/06/2004) 17 26 33 34 41 45 - 05 29 32 34 36 50
0269 (02/07/2004) 04 16 18 29 34 44 - 06 27 36 37 45 47
0270 (06/07/2004) 01 07 11 31 48 49 - 15 16 32 34 41 44
0271 (09/07/2004) 12 17 29 30 39 48 - 20 28 32 41 43 50
0272 (13/07/2004) 09 11 12 13 17 27 - 04 12 13 26 29 33
0273 (16/07/2004) 14 16 19 30 41 44 - 09 12 27 32 45 47
0274 (20/07/2004) 11 15 20 27 38 46 - 08 11 14 18 29 37
0275 (23/07/2004) 05 12 20 31 42 45 - 01 12 14 28 30 45
0276 (27/07/2004) 01 14 23 26 47 50 - 06 14 15 16 34 35
0277 (30/07/2004) 02 07 29 35 38 39 - 04 24 29 34 38 43
0278 (03/08/2004) 08 10 17 21 25 48 - 02 12 16 19 25 29
0279 (06/08/2004) 18 21 43 46 49 50 - 09 18 19 20 30 39
0280 (10/08/2004) 20 24 33 40 43 46 - 10 17 23 29 35 48
0281 (13/08/2004) 05 13 14 27 40 45 - 10 12 17 20 30 49
0282 (17/08/2004) 23 26 31 32 34 41 - 09 26 37 38 39 48
0283 (20/08/2004) 04 11 18 26 29 47 - 03 04 15 17 39 43
0284 (24/08/2004) 08 20 27 34 39 44 - 03 07 13 15 34 35
0285 (27/08/2004) 05 07 08 09 23 43 - 10 16 20 24 41 49
0286 (31/08/2004) 03 25 32 38 46 50 - 03 16 19 21 25 49
0287 (03/09/2004) 01 03 31 34 35 36 - 09 11 20 23 41 45
0288 (10/09/2004) 05 11 15 25 32 35 - 10 28 36 39 47 48
0289 (14/09/2004) 12 21 33 36 45 49 - 07 21 22 25 43 48
0290 (17/09/2004) 04 10 11 24 35 41 - 05 07 13 15 26 28
0291 (21/09/2004) 06 11 35 37 41 49 - 09 13 25 26 35 45
0292 (24/09/2004) 02 11 15 34 36 43 - 16 26 27 34 41 43
0293 (28/09/2004) 07 09 12 40 41 42 - 08 19 21 37 42 47
0294 (01/10/2004) 02 06 09 16 29 46 - 03 24 29 30 33 46
0295 (05/10/2004) 05 15 16 21 30 40 - 10 22 30 41 48 49
0296 (08/10/2004) 02 11 14 22 28 40 - 24 25 33 35 36 48
0297 (15/10/2004) 08 09 10 40 44 49 - 06 15 24 27 42 43
0298 (19/10/2004) 04 11 14 20 33 43 - 09 36 37 44 47 50
0299 (22/10/2004) 02 16 25 36 44 45 - 02 04 05 20 33 42
0300 (26/10/2004) 02 14 22 37 42 46 - 08 12 15 35 45 49
0301 (29/10/2004) 01 06 13 33 41 45 - 05 13 14 33 35 43
0302 (05/11/2004) 12 13 15 31 37 44 - 01 09 27 30 32 42
0303 (09/11/2004) 24 25 28 32 36 41 - 01 03 12 24 33 46
0304 (12/11/2004) 08 12 18 24 42 47 - 04 18 29 42 43 50
0305 (16/11/2004) 02 03 06 19 30 49 - 11 13 15 18 21 47
0306 (19/11/2004) 26 29 32 36 49 50 - 06 11 22 28 35 36
0307 (23/11/2004) 05 08 16 26 28 49 - 01 18 30 45 46 48
0308 (26/11/2004) 01 10 30 31 32 34 - 28 29 35 36 48 49
0309 (30/11/2004) 02 09 10 20 23 44 - 10 23 29 31 32 33
0310 (03/12/2004) 14 15 16 29 31 49 - 07 08 28 36 44 45
0311 (07/12/2004) 09 12 19 28 35 36 - 06 08 16 18 27 34
0312 (10/12/2004) 15 19 29 35 45 49 - 06 30 36 43 46 47
0313 (14/12/2004) 07 09 15 18 42 43 - 02 10 16 32 35 37
0314 (17/12/2004) 17 18 23 32 36 40 - 10 15 26 44 46 48
0315 (21/12/2004) 04 05 34 39 46 49 - 02 05 24 26 30 42
0316 (28/12/2004) 04 08 11 20 33 42 - 10 15 22 25 48 50
0317 (04/01/2005) 14 20 23 32 41 50 - 12 29 33 38 45 49
0318 (07/01/2005) 14 32 34 41 42 44 - 19 29 30 32 39 46
0319 (11/01/2005) 06 13 15 23 26 33 - 01 20 24 35 37 42
0320 (14/01/2005) 06 12 14 45 47 50 - 07 15 26 28 46 49
0321 (18/01/2005) 06 16 23 29 34 47 - 02 11 16 26 44 48
0322 (21/01/2005) 03 12 15 23 35 39 - 07 15 17 34 42 49
0323 (25/01/2005) 05 25 27 40 45 48 - 02 08 12 35 42 49
0324 (28/01/2005) 09 23 31 35 38 45 - 01 12 29 33 39 46
0325 (01/02/2005) 01 10 23 25 30 39 - 09 11 16 19 23 43
0326 (04/02/2005) 17 18 33 38 47 49 - 04 19 25 31 44 50
0327 (11/02/2005) 05 19 23 26 33 34 - 08 32 33 38 39 50
0328 (15/02/2005) 07 18 21 25 37 39 - 12 27 35 40 46 50
0329 (18/02/2005) 03 09 14 21 32 42 - 11 18 27 28 32 50
0330 (22/02/2005) 04 06 18 30 44 48 - 07 17 29 30 39 42
0331 (25/02/2005) 06 11 16 29 41 47 - 14 15 20 28 31 33
0332 (01/03/2005) 14 24 29 31 44 47 - 01 02 22 25 32 50
0333 (04/03/2005) 01 04 19 27 33 39 - 08 11 22 25 27 38
0334 (08/03/2005) 18 20 34 38 41 47 - 02 04 14 20 26 49
0335 (11/03/2005) 08 21 26 32 49 50 - 04 17 21 37 38 47
0336 (15/03/2005) 11 14 25 27 36 39 - 05 20 23 33 40 50
0337 (18/03/2005) 01 04 14 20 30 35 - 03 06 20 26 30 33
0338 (22/03/2005) 06 07 11 30 45 47 - 06 16 18 34 39 48
0339 (29/03/2005) 01 11 25 28 38 50 - 03 22 28 40 45 48
0340 (01/04/2005) 08 11 30 39 42 49 - 04 07 35 37 44 48
0341 (05/04/2005) 03 26 30 33 37 49 - 05 21 33 41 43 47
0342 (08/04/2005) 17 31 42 44 45 46 - 11 12 29 37 48 49
0343 (12/04/2005) 08 15 20 28 37 43 - 05 08 15 22 26 46
0344 (15/04/2005) 07 20 24 28 38 45 - 04 22 38 40 46 48
0345 (19/04/2005) 04 14 18 37 39 46 - 09 13 29 34 38 49
0346 (22/04/2005) 17 18 38 47 48 50 - 04 28 29 45 48 50
0347 (26/04/2005) 11 20 33 35 39 42 - 01 04 07 19 45 46
0348 (29/04/2005) 01 03 04 15 25 40 - 07 08 11 13 25 36
0349 (03/05/2005) 08 19 20 22 31 43 - 01 23 26 31 39 46
0350 (06/05/2005) 01 04 23 28 31 40 - 03 04 31 41 42 43
0351 (10/05/2005) 14 16 19 27 35 49 - 01 05 28 33 40 44
0352 (13/05/2005) 10 16 19 24 28 39 - 05 11 23 30 40 48
0353 (17/05/2005) 04 18 24 26 31 40 - 06 19 23 25 29 43
0354 (20/05/2005) 04 21 31 38 40 44 - 07 38 39 45 47 49
0355 (24/05/2005) 01 09 10 26 44 50 - 01 09 14 18 23 34
0356 (27/05/2005) 17 28 31 36 42 47 - 01 11 15 23 34 48
0357 (31/05/2005) 11 21 22 40 41 42 - 03 10 14 19 23 49
0358 (03/06/2005) 07 13 17 21 26 44 - 01 26 27 38 40 44
0359 (07/06/2005) 13 27 33 42 44 50 - 02 22 23 24 45 50
0360 (10/06/2005) 06 13 30 33 43 48 - 01 06 14 23 27 32
0361 (14/06/2005) 20 27 28 30 32 38 - 02 18 20 21 31 49
0362 (17/06/2005) 01 19 24 33 45 47 - 08 10 16 29 31 45
0363 (21/06/2005) 09 10 23 36 38 39 - 09 10 13 27 39 49
0364 (24/06/2005) 01 08 13 14 37 48 - 03 08 09 22 33 37
0365 (28/06/2005) 15 22 31 34 36 37 - 04 12 14 16 36 43
0366 (01/07/2005) 03 06 26 35 42 46 - 01 18 22 42 46 50
0367 (05/07/2005) 04 15 31 40 48 50 - 06 07 08 13 36 46
0368 (08/07/2005) 05 09 10 25 31 46 - 04 17 18 36 37 41
0369 (12/07/2005) 01 05 11 25 31 47 - 05 17 30 31 38 45
0370 (15/07/2005) 06 09 33 39 43 49 - 02 04 25 26 45 47
0371 (19/07/2005) 06 15 17 22 30 41 - 16 19 23 29 30 33
0372 (22/07/2005) 19 27 36 42 45 46 - 09 11 22 38 40 41
0373 (26/07/2005) 10 14 17 29 31 41 - 01 03 06 10 28 41
0374 (29/07/2005) 03 10 22 37 41 50 - 06 19 26 39 43 48
0375 (02/08/2005) 08 15 28 33 34 35 - 01 07 09 17 21 25
0376 (05/08/2005) 15 17 29 32 34 43 - 06 17 38 47 48 49
0377 (09/08/2005) 08 15 31 34 40 43 - 03 15 37 38 40 42
0378 (12/08/2005) 08 17 19 25 30 43 - 15 17 18 23 29 47
0379 (16/08/2005) 06 08 09 13 25 44 - 07 14 30 32 42 48
0380 (20/08/2005) 12 36 39 40 41 45 - 11 18 26 33 48 49
0381 (23/08/2005) 08 13 20 31 39 41 - 03 07 13 15 31 44
0382 (26/08/2005) 14 30 35 38 47 50 - 14 17 19 28 48 50
0383 (30/08/2005) 12 15 20 23 32 37 - 04 06 13 31 34 47
0384 (02/09/2005) 09 27 40 43 45 48 - 05 06 08 13 21 32
0385 (06/09/2005) 05 06 15 23 37 50 - 10 14 18 26 32 38
0386 (09/09/2005) 09 10 15 19 24 38 - 03 06 07 18 26 38
0387 (13/09/2005) 11 15 23 26 33 46 - 22 24 26 35 39 44
0388 (16/09/2005) 03 09 15 16 32 42 - 18 24 29 33 35 47
0389 (20/09/2005) 22 34 35 40 47 49 - 01 04 07 16 26 38
0390 (23/09/2005) 05 14 19 21 28 35 - 08 19 22 23 29 48
0391 (27/09/2005) 04 26 28 37 38 42 - 01 02 29 37 42 46
0392 (30/09/2005) 16 17 32 33 38 43 - 13 15 16 35 36 48
0393 (04/10/2005) 02 03 16 27 43 48 - 18 23 39 42 48 49
0394 (07/10/2005) 03 13 22 27 34 46 - 20 27 29 41 43 47
0395 (11/10/2005) 01 02 29 31 40 47 - 14 19 24 35 40 47
0396 (14/10/2005) 01 08 12 18 29 33 - 02 09 14 17 18 39
0397 (18/10/2005) 10 20 24 25 48 49 - 03 12 16 22 29 38
0398 (21/10/2005) 08 09 10 21 33 34 - 02 07 12 21 34 38
0399 (25/10/2005) 04 07 10 12 15 48 - 05 08 11 14 31 44
0400 (28/10/2005) 11 32 40 44 49 50 - 05 07 13 15 29 42
0401 (01/11/2005) 12 18 20 22 30 31 - 15 17 22 26 39 42
0402 (04/11/2005) 01 08 11 16 32 41 - 03 13 14 40 41 49
0403 (08/11/2005) 11 19 30 34 37 46 - 11 30 35 37 43 50
0404 (11/11/2005) 03 18 29 37 41 46 - 19 20 26 42 43 46
0405 (18/11/2005) 03 05 18 19 26 33 - 05 16 23 25 42 48
0406 (22/11/2005) 07 19 30 34 45 49 - 09 20 33 34 44 46
0407 (25/11/2005) 15 16 20 23 31 34 - 03 22 27 40 43 46
0408 (29/11/2005) 22 23 33 35 45 50 - 03 14 24 28 32 45
0409 (02/12/2005) 10 26 39 41 44 46 - 05 06 18 20 21 27
0410 (06/12/2005) 07 15 19 21 23 37 - 02 10 12 31 37 43
0411 (09/12/2005) 11 14 28 32 47 48 - 07 08 33 39 42 48
0412 (13/12/2005) 01 23 24 25 34 44 - 02 22 24 30 44 49
0413 (16/12/2005) 19 22 31 32 45 48 - 02 05 21 27 36 41
0414 (20/12/2005) 19 33 35 39 42 45 - 09 13 29 30 37 45
0415 (23/12/2005) 01 10 12 34 38 45 - 09 19 32 36 45 48
0416 (27/12/2005) 10 20 28 31 35 48 - 14 15 28 36 42 45
0417 (30/12/2005) 05 07 10 12 43 47 - 11 13 16 17 18 46
0418 (03/01/2006) 02 08 24 32 36 50 - 09 10 25 27 31 48
0419 (06/01/2006) 15 16 17 27 30 43 - 05 15 16 20 24 33
0420 (10/01/2006) 03 14 31 37 42 46 - 22 27 32 36 41 46
0421 (13/01/2006) 04 06 07 09 31 46 - 09 14 19 34 35 43
0422 (17/01/2006) 02 16 27 30 40 43 - 08 36 40 42 44 47
0423 (20/01/2006) 09 12 23 34 42 43 - 08 16 25 32 38 39
0424 (24/01/2006) 06 16 24 44 45 46 - 04 22 27 35 43 49
0425 (27/01/2006) 09 20 25 33 41 47 - 02 04 19 31 36 41
0426 (31/01/2006) 16 19 26 32 39 50 - 06 17 22 34 37 41
0427 (03/02/2006) 01 02 08 16 19 43 - 01 10 16 18 25 46
0428 (07/02/2006) 12 13 28 40 47 48 - 05 11 14 16 24 31
0429 (10/02/2006) 03 05 06 26 31 42 - 13 26 31 37 40 41
0430 (14/02/2006) 08 09 18 37 39 50 - 09 10 19 40 45 49
0431 (17/02/2006) 13 32 35 36 43 49 - 08 09 18 29 32 35
0432 (21/02/2006) 11 12 19 21 42 44 - 08 17 27 28 32 43
0433 (24/02/2006) 04 20 21 33 38 42 - 05 06 19 34 39 46
0434 (03/03/2006) 07 16 20 21 37 44 - 05 10 14 20 23 38
0435 (07/03/2006) 04 13 17 24 25 37 - 30 31 37 41 49 50
0436 (10/03/2006) 05 13 25 29 30 50 - 09 13 15 20 21 30
0437 (14/03/2006) 02 08 11 40 41 47 - 05 13 16 26 33 42
0438 (17/03/2006) 02 06 08 17 28 34 - 01 05 08 12 17 21
0439 (21/03/2006) 04 08 20 21 40 44 - 05 09 15 41 46 48
0440 (24/03/2006) 01 31 33 37 38 48 - 05 18 19 32 36 47
0441 (28/03/2006) 13 17 25 26 42 47 - 05 11 14 20 36 41
0442 (31/03/2006) 04 13 19 23 28 35 - 08 09 14 17 36 49
0443 (04/04/2006) 22 23 25 35 41 47 - 08 19 38 42 47 49
0444 (07/04/2006) 06 18 21 27 29 38 - 08 13 14 15 23 34
0445 (11/04/2006) 15 20 29 33 38 48 - 01 02 08 29 30 36
0446 (18/04/2006) 12 20 32 34 40 47 - 04 08 32 40 44 49
0447 (25/04/2006) 08 16 20 22 38 42 - 17 20 31 32 46 50
0448 (28/04/2006) 10 14 15 26 28 39 - 03 05 24 25 42 46
0449 (02/05/2006) 04 11 15 22 35 48 - 06 14 15 23 32 36
0450 (05/05/2006) 09 11 18 21 22 39 - 17 20 24 28 37 48
0451 (09/05/2006) 05 14 28 35 39 49 - 03 05 19 34 40 48
0452 (12/05/2006) 16 23 24 25 40 49 - 02 22 26 27 37 39
0453 (16/05/2006) 13 17 21 31 43 45 - 04 22 37 47 48 50
0454 (19/05/2006) 11 25 28 40 44 49 - 10 16 18 24 41 45
0455 (23/05/2006) 02 03 05 11 41 49 - 05 16 22 26 37 44
0456 (26/05/2006) 05 09 11 30 35 36 - 09 10 23 30 31 50
0457 (30/05/2006) 05 11 15 20 39 45 - 21 23 43 44 47 48
0458 (02/06/2006) 01 21 23 34 44 46 - 01 05 07 11 32 38
0459 (06/06/2006) 01 08 12 32 38 41 - 01 09 15 17 22 37
0460 (09/06/2006) 06 13 17 20 36 42 - 05 27 29 33 35 49
0461 (13/06/2006) 02 03 05 32 42 44 - 16 25 35 42 43 50
0462 (16/06/2006) 19 25 29 31 44 45 - 01 05 17 18 34 41
0463 (20/06/2006) 03 28 30 36 37 44 - 01 14 27 35 39 43
0464 (23/06/2006) 03 20 33 35 44 47 - 12 16 31 34 35 47
0465 (27/06/2006) 19 22 24 30 31 45 - 04 09 24 32 43 50
0466 (30/06/2006) 06 09 13 28 46 50 - 02 08 23 26 28 39
0467 (04/07/2006) 06 27 38 39 46 48 - 10 17 22 23 25 28
0468 (07/07/2006) 01 03 06 08 16 19 - 09 22 30 32 36 42
0469 (11/07/2006) 21 22 24 32 34 47 - 10 12 31 32 42 49
0470 (14/07/2006) 03 09 11 20 44 48 - 01 28 32 34 40 44
0471 (18/07/2006) 08 09 15 33 37 50 - 13 15 19 30 34 50
0472 (21/07/2006) 04 13 33 34 36 37 - 06 08 16 18 30 46
0473 (25/07/2006) 01 28 31 32 42 43 - 02 28 33 36 40 43
0474 (28/07/2006) 01 18 24 29 30 33 - 07 13 14 22 38 40
0475 (01/08/2006) 14 22 30 43 49 50 - 01 05 07 15 31 37
0476 (04/08/2006) 01 08 09 10 39 46 - 01 08 22 26 31 42
0477 (08/08/2006) 01 06 07 09 12 30 - 11 15 26 27 30 40
0478 (11/08/2006) 05 09 25 26 36 37 - 02 11 12 20 41 42
0479 (15/08/2006) 09 15 17 28 38 50 - 08 10 20 29 37 46
0480 (18/08/2006) 19 31 36 41 48 49 - 01 10 28 33 38 48
0481 (22/08/2006) 02 11 18 30 47 48 - 02 10 12 16 28 42
0482 (25/08/2006) 01 12 20 23 38 40 - 14 15 30 40 44 49
0483 (29/08/2006) 08 21 27 40 44 47 - 05 08 27 36 37 47
0484 (01/09/2006) 07 13 21 24 38 42 - 05 11 18 21 44 45
0485 (05/09/2006) 07 17 20 30 31 38 - 09 14 26 27 28 42
0486 (08/09/2006) 02 12 14 24 39 44 - 01 14 23 24 36 37
0487 (12/09/2006) 12 16 24 36 37 50 - 13 16 32 33 37 44
0488 (15/09/2006) 05 08 18 22 27 43 - 01 04 18 39 41 43
0489 (19/09/2006) 10 13 15 28 43 44 - 06 22 34 40 42 44
0490 (22/09/2006) 01 03 07 29 38 41 - 06 11 21 23 40 44
0491 (26/09/2006) 18 24 29 32 35 49 - 11 14 25 33 42 50
0492 (29/09/2006) 08 31 34 36 38 39 - 25 27 29 32 34 40
0493 (03/10/2006) 02 03 17 24 27 35 - 01 05 06 11 14 27
0494 (06/10/2006) 16 21 28 35 46 47 - 10 19 21 31 45 47
0495 (10/10/2006) 06 12 24 29 39 49 - 06 14 35 37 42 49
0496 (13/10/2006) 04 22 24 26 36 37 - 08 13 22 35 47 49
0497 (17/10/2006) 01 05 28 29 38 39 - 05 13 23 24 29 46
0498 (21/10/2006) 01 05 14 24 39 46 - 15 16 20 36 39 49
0499 (24/10/2006) 06 14 24 33 35 43 - 11 13 23 27 42 43
0500 (27/10/2006) 12 13 14 20 27 44 - 19 33 37 41 43 49
0501 (31/10/2006) 01 03 27 43 49 50 - 10 15 24 35 39 48
0502 (03/11/2006) 06 13 17 27 31 34 - 01 18 23 31 39 41
0503 (07/11/2006) 17 24 25 29 40 44 - 03 09 17 19 21 38
0504 (10/11/2006) 12 28 32 34 37 47 - 02 20 26 27 28 30
0505 (14/11/2006) 10 13 24 30 33 45 - 02 09 15 21 24 37
0506 (17/11/2006) 09 10 15 21 23 45 - 12 24 30 31 35 48
0507 (21/11/2006) 08 21 23 26 30 48 - 02 20 21 36 43 50
0508 (24/11/2006) 10 11 14 15 21 31 - 01 04 12 24 41 48
0509 (28/11/2006) 03 06 25 31 46 48 - 01 24 27 30 33 47
0510 (01/12/2006) 12 18 27 31 38 39 - 21 24 28 39 41 47
0511 (05/12/2006) 04 10 18 22 23 34 - 10 22 27 30 36 49
0512 (08/12/2006) 04 29 38 42 46 47 - 17 27 31 33 36 48
0513 (12/12/2006) 02 04 08 15 25 29 - 01 16 21 28 30 49
0514 (15/12/2006) 05 23 29 37 39 47 - 14 22 32 41 42 50
0515 (19/12/2006) 09 12 18 30 33 49 - 01 03 09 18 23 25
0516 (22/12/2006) 02 05 12 38 42 48 - 02 13 17 18 20 48
0517 (26/12/2006) 02 07 10 27 34 49 - 02 06 34 39 45 50
0518 (29/12/2006) 04 07 09 11 37 48 - 24 25 34 36 38 49
0519 (02/01/2007) 02 03 12 24 25 49 - 08 17 30 35 46 49
0520 (05/01/2007) 01 02 03 08 46 50 - 05 07 09 10 13 27
0521 (09/01/2007) 05 13 24 30 39 41 - 03 08 14 16 20 43
0522 (12/01/2007) 04 06 20 22 43 49 - 07 29 37 40 46 49
0523 (16/01/2007) 04 05 18 19 31 32 - 07 10 20 21 25 33
0524 (19/01/2007) 06 16 26 28 42 47 - 17 21 23 31 32 34
0525 (23/01/2007) 05 06 19 20 25 27 - 01 03 07 18 21 40
0526 (26/01/2007) 07 12 14 15 32 44 - 04 12 23 31 35 46
0527 (30/01/2007) 06 07 13 18 23 37 - 05 12 23 25 28 29
0528 (02/02/2007) 02 12 16 38 46 50 - 14 34 35 36 44 50
0529 (06/02/2007) 19 25 32 35 42 44 - 14 24 27 30 47 49
0530 (09/02/2007) 16 19 30 31 37 49 - 01 11 13 18 29 39
0531 (13/02/2007) 02 17 18 21 30 45 - 03 09 12 26 39 46
0532 (16/02/2007) 05 10 18 26 28 43 - 02 06 09 30 37 46
0533 (23/02/2007) 06 12 21 33 38 48 - 20 25 26 37 40 42
0534 (27/02/2007) 08 14 28 30 37 47 - 09 10 19 24 32 49
0535 (02/03/2007) 03 07 11 18 20 45 - 04 17 20 29 46 47
0536 (06/03/2007) 11 22 23 24 28 50 - 04 11 17 26 36 49
0537 (09/03/2007) 12 22 29 30 44 46 - 13 17 23 38 44 48
0538 (13/03/2007) 01 05 29 36 46 48 - 01 03 09 16 24 25
0539 (16/03/2007) 04 13 30 34 36 42 - 08 11 24 33 46 49
0540 (20/03/2007) 02 28 31 37 38 49 - 02 04 05 15 38 44
0541 (23/03/2007) 05 12 16 21 28 33 - 11 18 29 37 41 49
0542 (27/03/2007) 04 08 22 38 43 50 - 11 21 22 31 37 46
0543 (30/03/2007) 11 21 25 35 37 38 - 12 13 17 23 32 35
0544 (03/04/2007) 11 13 21 26 32 43 - 11 13 19 31 42 46
0545 (07/04/2007) 12 17 21 25 30 45 - 04 06 08 25 43 44
0546 (10/04/2007) 18 19 20 29 33 44 - 04 27 37 42 43 48
0547 (13/04/2007) 06 17 20 26 30 46 - 05 09 10 19 23 42
0548 (17/04/2007) 10 17 29 47 49 50 - 02 11 17 18 40 47
0549 (20/04/2007) 01 07 32 38 40 41 - 05 24 30 32 43 47
0550 (24/04/2007) 07 09 29 34 39 50 - 06 31 32 42 43 47
0551 (27/04/2007) 11 36 37 42 49 50 - 09 13 14 16 25 50
0552 (02/05/2007) 15 25 26 38 42 49 - 20 25 28 38 45 49
0553 (04/05/2007) 09 13 18 26 41 43 - 13 17 20 35 36 44
0554 (08/05/2007) 02 08 16 28 40 45 - 18 21 27 45 46 48
0555 (11/05/2007) 01 08 20 28 46 50 - 10 12 32 39 41 42
0556 (15/05/2007) 06 07 16 34 44 45 - 15 24 25 39 40 50
0557 (18/05/2007) 10 12 20 36 39 45 - 07 29 35 43 46 49
0558 (22/05/2007) 02 10 20 29 31 34 - 06 10 36 37 39 43
0559 (25/05/2007) 09 11 20 28 30 33 - 13 31 36 37 46 48
0560 (29/05/2007) 02 07 15 23 29 37 - 03 07 11 12 19 38
0561 (01/06/2007) 08 11 17 18 20 21 - 03 05 09 23 24 45
0562 (05/06/2007) 10 13 18 31 32 37 - 08 19 20 28 32 44
0563 (08/06/2007) 04 22 34 39 40 47 - 08 28 32 33 35 36
0564 (12/06/2007) 02 25 36 41 45 47 - 06 14 16 23 27 41
0565 (15/06/2007) 11 15 21 27 43 49 - 07 26 28 39 40 42
0566 (19/06/2007) 02 04 11 26 27 44 - 15 16 30 31 32 35
0567 (22/06/2007) 11 12 13 22 45 49 - 12 21 22 32 35 38
0568 (26/06/2007) 09 11 27 34 40 48 - 03 08 21 37 40 42
0569 (29/06/2007) 01 10 19 20 26 30 - 20 30 40 44 46 50
0570 (03/07/2007) 16 31 37 38 39 42 - 09 25 29 34 49 50
0571 (06/07/2007) 01 15 21 33 47 48 - 20 22 26 33 42 49
0572 (10/07/2007) 01 02 15 33 35 37 - 17 25 32 33 38 48
0573 (13/07/2007) 03 10 34 35 49 50 - 03 07 17 18 22 45
0574 (17/07/2007) 15 26 30 34 46 49 - 14 18 25 34 37 46
0575 (20/07/2007) 14 22 42 46 48 49 - 13 15 16 20 27 43
0576 (24/07/2007) 04 07 17 24 26 39 - 03 17 31 36 39 45
0577 (27/07/2007) 04 12 14 25 45 47 - 11 14 28 41 44 46
0578 (31/07/2007) 03 05 27 28 32 48 - 18 23 24 31 33 48
0579 (03/08/2007) 16 17 21 29 31 35 - 04 05 19 21 26 30
0580 (07/08/2007) 08 21 23 29 43 46 - 06 16 22 39 43 50
0581 (10/08/2007) 02 06 19 26 39 49 - 04 06 09 22 24 39
0582 (14/08/2007) 08 20 24 41 43 49 - 06 24 28 31 32 33
0583 (17/08/2007) 03 08 13 14 32 36 - 07 14 34 41 44 49
0584 (21/08/2007) 12 23 32 38 46 50 - 01 03 12 15 31 38
0585 (24/08/2007) 02 03 07 25 44 49 - 08 10 11 19 21 38
0586 (28/08/2007) 10 15 16 21 34 39 - 06 17 23 44 46 49
0587 (31/08/2007) 03 10 15 19 21 49 - 03 07 13 38 42 45
0588 (04/09/2007) 12 13 33 38 40 44 - 12 19 24 35 36 43
0589 (08/09/2007) 05 08 25 35 41 46 - 02 04 25 26 28 38
0590 (11/09/2007) 07 09 14 31 33 39 - 01 03 31 32 35 44
0591 (14/09/2007) 04 06 21 30 33 35 - 01 05 08 36 40 46
0592 (18/09/2007) 11 16 20 22 25 33 - 11 26 29 33 39 43
0593 (21/09/2007) 09 16 17 26 33 46 - 02 26 33 34 37 43
0594 (25/09/2007) 01 11 32 47 48 50 - 14 19 21 35 41 49
0595 (28/09/2007) 04 07 22 33 35 47 - 11 27 29 34 38 49
0596 (02/10/2007) 14 17 26 37 39 46 - 03 07 13 20 28 32
0597 (05/10/2007) 03 05 20 25 39 47 - 17 22 35 37 42 46
0598 (09/10/2007) 04 08 09 10 17 46 - 02 04 11 25 33 44
0599 (13/10/2007) 02 05 09 24 25 36 - 02 04 15 30 40 46
0600 (16/10/2007) 26 27 34 38 43 44 - 05 29 41 42 44 45
0601 (19/10/2007) 08 13 17 18 39 46 - 19 22 27 29 38 47
0602 (23/10/2007) 11 16 19 28 35 48 - 10 31 36 38 39 42
0603 (26/10/2007) 07 12 17 29 39 43 - 06 27 38 40 43 46
0604 (30/10/2007) 02 06 09 13 26 48 - 16 18 31 34 42 50
0605 (03/11/2007) 01 20 28 30 42 48 - 02 04 06 33 36 47
0606 (06/11/2007) 10 17 19 24 29 46 - 08 29 34 35 37 47
0607 (09/11/2007) 06 11 16 20 46 47 - 05 08 10 21 24 41
0608 (13/11/2007) 18 27 35 40 45 47 - 16 19 29 35 45 47
0609 (16/11/2007) 06 12 16 19 39 44 - 11 20 24 31 48 50
0610 (21/11/2007) 02 07 23 36 38 46 - 06 08 15 17 30 50
0611 (23/11/2007) 02 04 14 26 30 42 - 12 13 22 25 31 42
0612 (27/11/2007) 14 21 22 26 34 38 - 03 13 16 22 28 45
0613 (30/11/2007) 13 17 25 31 44 47 - 05 20 25 39 40 46
0614 (04/12/2007) 06 20 36 40 49 50 - 08 24 33 35 37 40
0615 (07/12/2007) 03 15 23 25 41 48 - 06 07 25 34 36 50
0616 (11/12/2007) 07 16 23 33 46 48 - 01 27 28 32 34 39
0617 (14/12/2007) 04 12 16 27 32 41 - 03 10 23 26 38 48
0618 (18/12/2007) 09 13 16 28 32 42 - 09 10 31 45 47 50
0619 (21/12/2007) 26 27 28 34 36 50 - 01 26 31 34 44 45
0620 (28/12/2007) 16 22 23 46 49 50 - 01 03 09 28 35 42
0621 (04/01/2008) 07 10 15 16 17 36 - 05 10 14 28 29 48
0622 (08/01/2008) 08 14 27 32 37 45 - 01 04 22 26 43 45
0623 (11/01/2008) 10 13 26 33 45 46 - 16 18 26 27 41 43
0624 (15/01/2008) 06 24 30 33 37 41 - 10 19 20 38 49 50
0625 (18/01/2008) 03 21 22 38 42 43 - 01 05 18 34 37 40
0626 (22/01/2008) 04 08 14 15 19 45 - 05 11 19 21 42 44
0627 (25/01/2008) 05 06 11 13 20 33 - 02 18 27 34 38 44
0628 (29/01/2008) 01 02 14 24 27 32 - 06 25 31 36 41 48
0629 (01/02/2008) 20 30 32 38 46 49 - 08 11 12 25 34 37
0630 (08/02/2008) 01 04 16 19 27 42 - 04 10 25 32 35 37
0631 (12/02/2008) 01 19 27 30 36 47 - 01 07 25 29 30 38
0632 (15/02/2008) 05 07 09 21 38 40 - 05 17 20 22 31 45
0633 (19/02/2008) 02 08 16 17 34 49 - 08 15 16 31 34 50
0634 (22/02/2008) 29 31 33 42 47 48 - 08 22 32 38 39 49
0635 (26/02/2008) 08 09 10 17 20 42 - 10 14 29 36 44 46
0636 (29/02/2008) 10 26 30 32 37 43 - 18 39 41 42 45 47
0637 (04/03/2008) 07 09 14 31 39 43 - 02 06 27 39 40 43
0638 (07/03/2008) 07 29 35 44 45 50 - 09 10 21 22 30 46
0639 (11/03/2008) 04 06 07 12 32 33 - 01 03 07 15 35 45
0640 (14/03/2008) 03 13 15 18 19 30 - 22 23 28 42 44 46
0641 (18/03/2008) 21 31 32 36 38 40 - 08 11 12 28 32 43
0642 (25/03/2008) 03 07 10 13 36 38 - 15 25 27 32 37 45
0643 (28/03/2008) 07 09 14 16 29 41 - 05 06 19 23 46 49
0644 (01/04/2008) 04 11 13 23 35 49 - 20 22 24 30 44 48
0645 (04/04/2008) 10 35 36 42 43 50 - 03 12 33 38 42 44
0646 (08/04/2008) 02 10 30 31 46 47 - 02 22 29 32 34 43
0647 (11/04/2008) 01 18 20 32 35 49 - 19 29 35 38 42 50
0648 (15/04/2008) 05 06 10 14 24 48 - 02 25 37 39 46 49
0649 (18/04/2008) 01 10 11 14 27 40 - 16 20 24 34 40 45
0650 (22/04/2008) 07 12 16 20 40 43 - 09 17 23 37 38 44
0651 (25/04/2008) 18 23 30 32 41 42 - 05 07 17 32 35 47
0652 (29/04/2008) 04 17 26 33 42 48 - 05 23 26 31 36 42
0653 (02/05/2008) 08 11 16 30 42 48 - 12 18 20 26 31 42
0654 (06/05/2008) 08 11 12 25 37 44 - 07 23 34 35 44 47
0655 (09/05/2008) 01 02 04 08 16 33 - 04 14 25 39 45 50
0656 (13/05/2008) 06 15 28 34 43 47 - 12 17 22 24 32 45
0657 (16/05/2008) 09 20 21 34 39 50 - 08 10 18 42 44 48
0658 (20/05/2008) 15 28 30 32 47 50 - 09 13 25 39 43 48
0659 (23/05/2008) 14 20 25 36 43 44 - 18 23 36 38 45 50
0660 (27/05/2008) 03 13 25 33 41 47 - 02 03 04 22 28 43
0661 (30/05/2008) 04 07 17 19 24 46 - 01 06 07 15 30 48
0662 (03/06/2008) 02 14 27 28 33 48 - 06 27 38 46 47 49
0663 (06/06/2008) 04 21 31 37 44 45 - 07 13 28 34 41 50
0664 (10/06/2008) 01 02 23 27 38 42 - 06 09 17 33 34 37
0665 (13/06/2008) 01 09 14 23 27 29 - 03 07 18 24 30 42
0666 (17/06/2008) 04 10 13 28 29 47 - 02 13 31 36 38 45
0667 (20/06/2008) 14 24 25 34 36 38 - 04 08 32 33 34 50
0668 (24/06/2008) 01 07 19 26 28 35 - 06 13 35 41 44 50
0669 (27/06/2008) 16 23 30 33 42 43 - 02 22 34 36 37 47
0670 (01/07/2008) 07 10 29 32 43 44 - 01 09 12 16 19 23
0671 (04/07/2008) 01 14 32 34 39 46 - 01 06 21 25 37 40
0672 (08/07/2008) 10 15 19 32 39 41 - 09 21 29 35 39 42
0673 (11/07/2008) 06 16 32 33 43 47 - 12 13 16 37 43 50
0674 (15/07/2008) 05 07 21 34 39 45 - 02 03 08 35 36 49
0675 (18/07/2008) 06 17 25 30 34 37 - 02 15 16 17 19 44
0676 (22/07/2008) 17 33 34 39 43 45 - 07 22 23 34 37 49
0677 (25/07/2008) 03 09 15 20 41 45 - 06 12 17 31 42 45
0678 (29/07/2008) 01 04 26 28 36 46 - 02 04 07 18 30 42
0679 (01/08/2008) 05 10 18 21 44 49 - 05 10 13 22 24 46
0680 (05/08/2008) 01 19 34 36 39 45 - 10 30 32 37 40 50
0681 (08/08/2008) 02 07 23 32 35 36 - 01 07 18 22 32 45
0682 (12/08/2008) 27 28 33 36 41 50 - 07 11 13 22 36 48
0683 (15/08/2008) 03 12 19 42 47 50 - 08 10 19 32 44 48
0684 (19/08/2008) 02 06 12 20 38 48 - 11 19 29 34 40 50
0685 (22/08/2008) 03 06 10 22 35 36 - 06 11 23 36 39 49
0686 (26/08/2008) 05 16 21 27 38 46 - 01 02 07 12 16 26
0687 (29/08/2008) 06 07 12 21 34 45 - 04 05 09 10 17 40
0688 (02/09/2008) 03 12 22 32 33 48 - 01 03 06 11 25 32
0689 (05/09/2008) 06 19 37 38 41 42 - 09 10 17 31 33 50
0690 (09/09/2008) 08 26 34 35 44 50 - 09 16 17 23 37 41
0691 (12/09/2008) 19 24 29 38 46 47 - 11 13 21 29 42 50
0692 (16/09/2008) 02 08 30 31 37 40 - 13 14 27 29 30 35
0693 (19/09/2008) 04 10 24 28 29 32 - 03 05 18 20 32 40
0694 (23/09/2008) 01 09 15 27 28 29 - 06 19 22 36 39 50
0695 (26/09/2008) 01 08 10 17 18 37 - 03 23 25 30 37 48
0696 (30/09/2008) 03 09 20 26 37 43 - 05 17 20 44 49 50
0697 (03/10/2008) 03 12 18 20 24 29 - 05 12 20 30 35 38
0698 (07/10/2008) 02 07 15 27 46 49 - 06 11 17 19 22 40
0699 (10/10/2008) 02 09 13 18 31 41 - 05 06 27 33 40 47
0700 (14/10/2008) 05 18 24 39 41 47 - 01 03 27 31 36 47
0701 (17/10/2008) 03 10 12 16 33 46 - 02 05 06 13 18 44
0702 (21/10/2008) 07 16 18 29 31 44 - 04 09 10 13 24 36
0703 (24/10/2008) 02 06 10 12 42 44 - 03 11 40 45 48 50
0704 (28/10/2008) 03 08 30 45 49 50 - 07 08 28 41 42 44
0705 (31/10/2008) 03 05 07 30 31 32 - 05 11 15 27 38 48
0706 (04/11/2008) 03 06 07 17 34 44 - 02 03 11 19 29 42
0707 (07/11/2008) 01 05 15 16 36 39 - 02 04 09 36 37 41
0708 (11/11/2008) 16 20 25 27 33 34 - 02 08 09 11 19 44
0709 (14/11/2008) 03 12 17 25 34 36 - 14 15 42 45 49 50
0710 (18/11/2008) 03 18 25 32 36 40 - 05 16 25 30 32 45
0711 (21/11/2008) 01 15 29 33 47 48 - 04 05 08 15 40 50
0712 (25/11/2008) 11 13 21 30 36 39 - 03 06 11 17 39 44
0713 (28/11/2008) 06 11 14 22 26 35 - 01 09 13 16 26 34
0714 (02/12/2008) 01 20 28 34 40 45 - 01 06 36 37 42 48
0715 (05/12/2008) 05 14 21 30 32 41 - 02 14 18 24 36 47
0716 (09/12/2008) 11 14 18 19 31 32 - 01 14 21 33 39 50
0717 (12/12/2008) 05 13 21 37 41 45 - 06 08 16 24 33 49
0718 (16/12/2008) 02 27 30 43 46 47 - 13 23 27 29 43 44
0719 (19/12/2008) 06 23 24 25 26 50 - 25 27 28 31 35 45
0720 (23/12/2008) 05 08 13 18 33 36 - 03 06 08 23 39 46
0721 (26/12/2008) 04 09 16 20 25 34 - 06 07 15 16 38 44
0722 (30/12/2008) 06 24 25 27 32 39 - 04 05 23 30 33 50
0723 (02/01/2009) 03 08 11 28 31 50 - 13 15 20 21 28 41
0724 (06/01/2009) 03 06 09 14 26 44 - 20 21 25 27 38 39
0725 (09/01/2009) 10 18 19 28 40 50 - 06 19 29 42 44 45
0726 (13/01/2009) 17 24 39 42 44 45 - 10 12 25 36 49 50
0727 (16/01/2009) 02 09 20 24 40 47 - 17 20 32 45 48 49
0728 (20/01/2009) 01 02 06 12 42 44 - 02 11 18 25 27 39
0729 (23/01/2009) 01 03 04 06 16 30 - 04 09 20 39 41 43
0730 (27/01/2009) 03 04 31 33 44 48 - 02 17 30 31 43 46
0731 (30/01/2009) 11 17 27 35 44 46 - 04 09 10 20 21 46
0732 (03/02/2009) 13 32 33 40 44 50 - 01 19 27 37 47 50
0733 (06/02/2009) 04 12 18 23 27 50 - 04 28 30 40 43 49
0734 (10/02/2009) 04 08 15 19 21 49 - 01 08 11 24 31 45
0735 (13/02/2009) 07 10 29 36 39 49 - 05 35 43 44 48 49
0736 (17/02/2009) 18 20 23 40 41 47 - 02 15 17 25 29 42
0737 (20/02/2009) 11 14 22 27 39 50 - 03 33 41 44 48 49
0738 (27/02/2009) 03 06 07 13 21 35 - 20 21 31 37 41 50
0739 (03/03/2009) 08 09 10 17 35 39 - 04 08 10 12 28 31
0740 (06/03/2009) 07 20 22 42 45 50 - 05 14 26 29 36 44
0741 (10/03/2009) 13 18 20 33 39 45 - 08 18 22 29 33 39
0742 (13/03/2009) 11 16 18 25 47 50 - 04 21 25 37 40 45
0743 (17/03/2009) 05 12 19 30 34 47 - 01 11 31 35 45 50
0744 (20/03/2009) 17 20 22 23 34 50 - 02 06 18 30 37 40
0745 (24/03/2009) 01 06 19 25 35 40 - 02 06 10 22 23 29
0746 (27/03/2009) 05 21 22 28 42 45 - 01 08 17 37 44 47
0747 (31/03/2009) 02 14 17 24 40 50 - 08 10 24 26 45 50
0748 (03/04/2009) 06 14 21 40 42 46 - 03 09 23 29 32 50
0749 (07/04/2009) 08 09 22 40 46 50 - 10 14 17 21 33 43
0750 (15/04/2009) 10 17 31 35 40 44 - 01 09 14 22 46 47
0751 (17/04/2009) 21 24 26 33 39 49 - 09 24 26 42 44 49
0752 (22/04/2009) 03 06 11 20 25 36 - 08 24 31 37 41 45
0753 (24/04/2009) 07 12 20 27 29 50 - 08 10 25 35 37 42
0754 (28/04/2009) 10 28 35 38 40 41 - 13 16 19 45 48 50
0755 (02/05/2009) 07 28 33 34 39 45 - 02 10 27 47 48 50
0756 (05/05/2009) 10 13 14 29 32 33 - 15 34 36 37 43 50
0757 (08/05/2009) 06 14 19 22 35 49 - 26 39 40 43 44 46
0758 (12/05/2009) 04 11 19 24 34 45 - 09 11 20 31 35 41
0759 (15/05/2009) 01 06 10 20 29 31 - 05 09 12 16 22 26
0760 (19/05/2009) 09 15 21 25 36 48 - 05 07 27 32 33 45
0761 (22/05/2009) 08 12 18 20 21 28 - 02 04 11 24 35 39
0762 (26/05/2009) 11 12 28 34 35 45 - 13 22 23 45 49 50
0763 (29/05/2009) 31 33 40 41 49 50 - 12 23 31 41 45 50
0764 (02/06/2009) 04 25 32 41 46 50 - 19 21 27 31 35 47
0765 (05/06/2009) 04 07 11 20 24 42 - 02 04 05 31 44 49
0766 (09/06/2009) 09 17 38 39 41 50 - 02 03 06 30 45 50
0767 (12/06/2009) 08 09 13 17 23 28 - 28 29 32 34 42 49
0768 (16/06/2009) 01 02 05 06 21 25 - 05 14 17 29 39 48
0769 (19/06/2009) 07 15 30 35 38 45 - 03 13 16 43 49 50
0770 (23/06/2009) 01 20 24 33 34 50 - 04 17 18 41 43 49
0771 (26/06/2009) 04 07 18 24 29 32 - 08 19 23 25 42 43
0772 (30/06/2009) 04 13 21 30 32 42 - 01 09 19 24 25 40
0773 (03/07/2009) 06 09 17 18 20 33 - 01 05 07 09 42 47
0774 (07/07/2009) 05 07 12 25 45 48 - 07 08 19 25 30 45
0775 (10/07/2009) 07 16 35 37 38 47 - 05 07 13 17 32 47
0776 (14/07/2009) 04 36 37 39 40 49 - 01 04 16 29 36 40
0777 (17/07/2009) 01 06 22 23 36 48 - 02 07 18 28 32 43
0778 (21/07/2009) 06 14 29 32 34 38 - 08 13 16 24 26 37
0779 (24/07/2009) 13 23 34 36 45 46 - 07 20 21 23 37 42
0780 (28/07/2009) 21 24 29 33 39 50 - 20 29 34 35 36 42
0781 (31/07/2009) 02 17 20 40 41 50 - 16 18 21 45 48 50
0782 (04/08/2009) 11 22 32 34 37 47 - 06 29 35 37 43 44
0783 (07/08/2009) 01 03 07 25 41 50 - 01 05 21 29 40 50
0784 (11/08/2009) 08 18 23 28 38 45 - 01 05 30 37 43 45
0785 (14/08/2009) 01 17 20 24 40 41 - 02 03 07 19 20 36
0786 (18/08/2009) 04 14 19 32 44 50 - 01 02 08 10 16 39
0787 (21/08/2009) 01 05 11 19 23 40 - 04 25 32 40 48 50
0788 (25/08/2009) 13 21 25 32 37 46 - 04 07 20 24 41 43
0789 (28/08/2009) 05 32 34 43 47 50 - 05 14 15 18 37 40
0790 (01/09/2009) 12 14 24 31 39 49 - 23 28 35 40 46 49
0791 (04/09/2009) 04 06 14 21 24 29 - 03 24 32 35 42 43
0792 (08/09/2009) 05 08 18 35 42 50 - 15 18 20 29 30 47
0793 (11/09/2009) 02 07 08 14 33 41 - 03 18 30 38 39 43
0794 (15/09/2009) 06 11 18 35 38 47 - 10 16 34 45 46 48
0795 (18/09/2009) 17 20 30 33 40 43 - 07 09 11 23 24 29
0796 (22/09/2009) 01 11 29 36 37 49 - 04 08 17 35 37 45
0797 (25/09/2009) 08 16 19 29 49 50 - 09 24 28 36 39 48
0798 (29/09/2009) 02 22 25 29 45 49 - 01 20 37 39 41 47
0799 (02/10/2009) 11 17 38 42 47 49 - 13 15 18 21 35 42
0800 (06/10/2009) 05 07 30 37 39 40 - 07 22 25 38 47 50
0801 (09/10/2009) 05 17 35 39 43 48 - 04 08 12 14 22 33
0802 (13/10/2009) 06 10 35 37 44 48 - 03 05 17 18 31 48
0803 (16/10/2009) 05 12 20 31 32 37 - 05 08 09 30 31 40
0804 (20/10/2009) 16 22 23 35 38 44 - 02 09 19 32 33 43
0805 (23/10/2009) 03 09 14 16 19 42 - 01 03 05 22 35 42
0806 (27/10/2009) 08 11 16 20 30 33 - 05 08 09 12 36 49
0807 (30/10/2009) 06 11 13 29 36 37 - 02 05 17 20 39 47
0808 (03/11/2009) 08 09 12 15 27 50 - 05 08 16 29 36 47
0809 (06/11/2009) 08 10 29 34 49 50 - 07 17 22 23 30 42
0810 (10/11/2009) 18 30 32 34 42 45 - 02 26 40 45 46 49
0811 (13/11/2009) 06 09 10 20 37 45 - 04 10 22 24 38 48
0812 (17/11/2009) 09 22 26 27 40 48 - 07 09 10 15 45 48
0813 (20/11/2009) 03 09 13 38 45 50 - 02 05 09 14 37 44
0814 (24/11/2009) 02 24 29 38 49 50 - 04 06 07 16 35 43
0815 (27/11/2009) 09 22 28 35 39 46 - 02 21 29 30 43 50
0816 (01/12/2009) 31 36 40 43 45 50 - 05 12 13 15 33 49
0817 (04/12/2009) 05 07 09 18 24 48 - 25 34 35 36 39 49
0818 (08/12/2009) 29 39 41 44 45 50 - 05 14 28 31 46 50
0819 (11/12/2009) 04 11 21 28 32 34 - 03 08 26 33 40 46
0820 (15/12/2009) 01 04 11 35 42 44 - 07 18 21 25 27 39
0821 (18/12/2009) 01 07 10 17 19 34 - 02 12 17 19 38 44
0822 (22/12/2009) 12 14 20 25 32 40 - 02 10 17 19 32 34
0823 (26/12/2009) 01 22 28 39 45 48 - 05 16 21 38 42 47
0824 (29/12/2009) 06 10 12 30 36 41 - 03 11 34 41 43 44
0825 (02/01/2010) 13 17 19 20 34 36 - 05 06 17 35 43 45
0826 (05/01/2010) 02 18 29 39 44 50 - 05 10 24 36 43 47
0827 (09/01/2010) 06 15 23 30 36 49 - 15 16 25 27 43 49
0828 (12/01/2009) 05 09 20 24 32 39 - 11 19 26 42 46 50
0829 (15/01/2010) 12 23 36 38 39 44 - 09 14 17 18 27 33
0830 (19/01/2010) 01 07 21 28 29 49 - 04 08 18 35 39 42
0831 (22/01/2010) 01 08 12 20 27 46 - 09 25 35 36 38 50
0832 (26/01/2010) 10 23 27 33 46 49 - 08 25 30 32 35 45
0833 (29/01/2010) 08 17 24 30 34 40 - 18 19 32 37 41 50
0834 (02/02/2010) 11 21 30 37 40 43 - 07 10 20 22 42 43
0835 (05/02/2010) 06 12 15 21 22 50 - 26 29 36 43 45 50
0836 (09/02/2010) 06 13 20 21 33 45 - 04 19 27 39 41 47
0837 (12/02/2010) 07 11 14 15 30 36 - 02 06 18 28 38 45
0838 (17/02/2010) 10 28 30 31 41 50 - 12 16 22 24 33 40
0839 (19/02/2010) 02 03 06 22 25 26 - 05 07 09 23 38 40
0840 (23/02/2010) 02 06 07 24 48 50 - 03 05 13 21 34 47
0841 (26/02/2010) 05 14 24 30 36 39 - 07 09 13 17 33 44
0842 (02/03/2010) 10 17 26 37 49 50 - 04 06 07 27 46 47
0843 (05/03/2010) 10 13 18 31 37 42 - 04 09 27 32 40 50
0844 (09/03/2010) 02 04 05 24 26 40 - 04 25 30 38 40 47
0845 (12/03/2010) 36 39 40 41 43 49 - 02 08 35 36 41 45
0846 (16/03/2010) 01 11 24 44 45 48 - 18 24 36 39 44 48
0847 (19/03/2010) 11 32 36 38 47 49 - 04 12 13 28 42 49
0848 (23/03/2010) 04 20 21 27 43 49 - 17 34 36 43 44 48
0849 (26/03/2010) 10 15 23 36 37 42 - 02 05 06 17 34 44
0850 (30/03/2010) 10 19 21 25 45 50 - 14 20 21 22 34 45
0851 (03/04/2010) 02 07 10 17 40 42 - 15 23 35 39 42 50
0852 (06/04/2010) 06 14 24 36 48 50 - 01 05 08 16 31 50
0853 (09/04/2010) 03 07 10 27 29 50 - 02 07 18 20 33 44
0854 (13/04/2010) 04 11 12 25 30 47 - 14 17 19 31 37 39
0855 (16/04/2010) 05 10 17 29 31 50 - 01 04 11 15 21 50
0856 (20/04/2010) 03 21 22 28 32 39 - 04 07 18 25 28 33
0857 (23/04/2010) 01 02 21 42 43 44 - 04 21 25 28 29 45
0858 (27/04/2010) 03 04 08 11 34 48 - 01 18 21 29 35 43
0859 (30/04/2010) 05 07 12 27 28 31 - 04 26 35 36 40 45
0860 (04/05/2010) 01 03 09 24 34 41 - 06 11 20 42 43 44
0861 (07/05/2010) 11 25 30 40 41 49 - 04 12 13 18 47 48
0862 (11/05/2010) 04 06 10 30 37 50 - 06 10 12 31 35 36
0863 (14/05/2010) 03 07 30 38 40 46 - 01 09 11 13 30 49
0864 (18/05/2010) 04 16 24 28 32 46 - 05 06 10 18 21 46
0865 (21/05/2010) 11 17 21 38 41 46 - 05 20 21 27 37 39
0866 (25/05/2010) 04 09 23 37 40 47 - 03 07 33 34 42 44
0867 (28/05/2010) 07 08 11 19 20 46 - 06 10 12 26 27 36
0868 (01/06/2010) 06 15 18 30 31 34 - 07 11 35 37 45 47
0869 (04/06/2010) 06 16 18 22 30 42 - 03 08 11 14 16 43
0870 (08/06/2010) 04 08 10 22 35 37 - 04 07 10 13 18 24
0871 (11/06/2010) 04 09 14 16 23 49 - 09 20 40 43 44 50
0872 (15/06/2010) 18 29 31 33 34 36 - 20 31 32 40 45 48
0873 (18/06/2010) 02 05 08 09 46 47 - 01 10 38 40 46 47
0874 (22/06/2010) 04 07 19 20 38 42 - 05 07 11 19 24 37
0875 (25/06/2010) 07 08 10 12 18 40 - 09 11 15 20 22 45
0876 (29/06/2010) 02 15 19 24 44 47 - 15 17 23 37 40 41
0877 (02/07/2010) 14 18 28 30 33 41 - 06 07 22 32 38 49
0878 (06/07/2010) 01 28 30 36 43 48 - 10 13 35 40 47 49
0879 (09/07/2010) 13 17 19 22 45 49 - 01 13 18 20 25 37
0880 (13/07/2010) 06 18 19 27 33 42 - 07 22 33 46 47 48
0881 (16/07/2010) 21 23 29 33 36 49 - 05 18 20 28 34 46
0882 (20/07/2010) 12 14 19 21 31 45 - 01 10 12 18 24 35
0883 (23/07/2010) 01 06 12 32 38 50 - 08 09 11 15 18 38
0884 (27/07/2010) 09 14 23 27 43 47 - 16 21 23 31 37 43
0885 (30/07/2010) 01 09 11 13 19 46 - 04 10 25 32 33 49
0886 (03/08/2010) 08 11 21 27 29 35 - 08 11 15 34 42 49
0887 (06/08/2010) 11 17 24 25 31 40 - 01 02 03 28 29 37
0888 (10/08/2010) 07 09 11 28 40 41 - 12 13 27 28 39 40
0889 (13/08/2010) 15 21 22 25 45 49 - 08 12 29 32 39 50
0890 (17/08/2010) 03 05 18 19 33 49 - 18 27 28 33 40 45
0891 (20/08/2010) 06 13 15 21 36 48 - 02 18 20 30 41 49
0892 (24/08/2010) 05 08 19 36 42 43 - 16 29 32 36 47 48
0893 (27/08/2010) 12 14 22 24 29 38 - 06 07 13 19 40 47
0894 (31/08/2010) 01 06 37 45 47 50 - 09 12 23 41 43 48
0895 (03/09/2010) 20 23 26 29 34 47 - 03 13 17 18 35 43
0896 (08/09/2010) 04 28 29 35 43 45 - 01 09 17 27 38 47
0897 (10/09/2010) 03 04 10 26 32 34 - 03 12 13 31 32 33
0898 (14/09/2010) 07 37 42 43 44 46 - 05 15 18 29 32 36
0899 (17/09/2010) 09 23 37 39 42 43 - 02 07 08 12 23 46
0900 (21/09/2010) 09 17 27 35 38 40 - 10 21 28 29 41 46
0901 (24/09/2010) 02 05 11 40 45 46 - 13 15 24 25 31 36
0902 (28/09/2010) 03 06 07 19 33 40 - 23 35 37 39 45 47
0903 (01/10/2010) 03 08 27 33 37 49 - 04 15 20 27 40 44
0904 (05/10/2010) 03 14 29 36 44 47 - 11 20 24 29 35 39
0905 (08/10/2010) 05 15 22 26 34 35 - 04 05 07 29 31 44
0906 (13/10/2010) 15 17 18 29 30 40 - 01 12 16 18 23 48
0907 (15/10/2010) 04 05 13 25 29 37 - 09 24 25 28 38 48
0908 (19/10/2010) 14 27 36 37 44 45 - 01 08 17 21 29 46
0909 (22/10/2010) 03 16 20 30 33 49 - 17 23 25 28 33 43
0910 (26/10/2010) 08 15 16 19 30 50 - 27 28 35 42 43 47
0911 (29/10/2010) 01 06 27 28 35 47 - 05 10 14 24 25 44
0912 (03/11/2010) 03 14 28 29 40 42 - 08 12 34 39 40 50
0913 (05/11/2010) 17 27 28 32 33 40 - 02 18 25 33 34 49
0914 (09/11/2010) 01 02 26 41 45 47 - 03 04 13 30 40 48
0915 (12/11/2010) 08 13 19 24 34 35 - 11 25 31 42 43 47
0916 (16/11/2010) 06 14 36 38 39 48 - 02 04 16 27 28 39
0917 (19/11/2010) 01 26 30 38 39 44 - 05 12 28 32 39 48
0918 (23/11/2010) 01 19 21 24 26 42 - 21 23 34 37 42 43
0919 (26/11/2010) 08 11 28 30 36 45 - 05 07 18 31 34 46
0920 (30/11/2010) 10 12 22 29 30 40 - 03 04 23 30 38 43
0921 (03/12/2010) 02 08 11 30 32 49 - 05 21 33 41 43 47
0922 (07/12/2010) 03 12 20 34 39 44 - 03 12 23 29 42 46
0923 (10/12/2010) 10 30 33 45 46 47 - 09 15 16 31 32 35
0924 (14/12/2010) 01 04 21 38 41 44 - 12 15 18 29 32 33
0925 (17/12/2010) 22 23 36 38 39 48 - 09 11 36 39 43 49
0926 (21/12/2010) 01 06 19 32 35 44 - 11 12 22 29 32 46
0927 (24/12/2010) 01 09 20 39 48 50 - 17 19 27 33 37 40
0928 (28/12/2010) 04 05 09 16 22 46 - 04 19 36 40 45 47
0929 (31/12/2010) 06 25 33 34 35 44 - 07 22 24 30 36 43
0930 (04/01/2011) 09 11 34 37 39 49 - 01 02 13 20 33 45
0931 (07/01/2011) 02 03 04 16 43 47 - 18 21 26 30 40 42
0932 (11/01/2011) 02 15 17 26 39 40 - 01 03 09 29 39 42
0933 (14/01/2011) 11 13 19 26 32 49 - 01 06 12 18 32 38
0934 (18/01/2011) 03 06 23 35 45 50 - 02 05 24 32 36 40
0935 (21/01/2011) 01 25 28 36 47 48 - 01 07 17 19 22 32
0936 (25/01/2011) 16 23 25 43 49 50 - 10 14 16 41 46 47
0937 (28/01/2011) 09 15 18 33 35 41 - 21 24 36 40 41 43
0938 (01/02/2011) 10 13 20 31 37 47 - 03 07 14 27 39 41
0939 (04/02/2011) 06 12 15 23 34 47 - 08 19 27 42 45 50
0940 (08/02/2011) 09 10 14 17 40 41 - 04 08 17 24 26 37
0941 (11/02/2011) 04 11 13 22 29 31 - 10 13 25 26 45 50
0942 (15/02/2011) 02 15 20 29 39 47 - 02 04 08 22 37 46
0943 (18/02/2011) 07 23 25 32 41 43 - 15 17 18 19 46 48
0944 (22/02/2011) 06 09 20 25 30 45 - 07 18 21 42 43 47
0945 (25/02/2011) 01 17 20 25 26 41 - 02 11 23 38 39 40
0946 (01/03/2011) 12 18 26 31 32 46 - 17 27 34 36 46 48
0947 (04/03/2011) 07 09 15 20 23 46 - 02 19 25 32 35 46
0948 (09/03/2011) 06 10 11 26 28 31 - 05 15 21 34 39 46
0949 (11/03/2011) 08 14 17 24 28 36 - 14 16 22 24 29 35
0950 (15/03/2011) 02 07 12 19 39 47 - 03 15 16 28 30 45
0951 (18/03/2011) 02 14 15 16 21 45 - 15 25 36 37 42 45
0952 (22/03/2011) 22 23 33 36 39 49 - 03 11 13 35 36 50
0953 (25/03/2011) 03 30 32 34 40 45 - 16 25 38 41 44 50
0954 (29/03/2011) 16 19 23 42 47 49 - 22 26 32 34 44 46
0955 (01/04/2011) 05 17 29 40 48 49 - 09 11 14 31 40 41
0956 (05/04/2011) 25 27 32 34 35 42 - 17 19 34 39 41 49
0957 (08/04/2011) 08 10 31 41 49 50 - 06 11 22 25 26 46
0958 (12/04/2011) 02 08 17 31 32 40 - 02 09 12 16 21 30
0959 (15/04/2011) 04 09 20 21 46 47 - 01 02 12 15 18 44
0960 (19/04/2011) 02 10 11 19 36 41 - 03 14 22 23 36 50
0961 (23/04/2011) 16 23 32 35 36 47 - 13 24 42 46 48 49
0962 (26/04/2011) 02 06 13 24 40 50 - 02 12 24 31 35 44
0963 (29/04/2011) 05 10 11 13 37 39 - 07 12 30 31 40 48
0964 (03/05/2011) 02 12 14 34 37 47 - 03 12 18 27 34 49
0965 (06/05/2011) 04 05 09 28 29 35 - 06 10 14 29 37 47
0966 (10/05/2011) 03 19 21 43 47 48 - 10 12 13 15 30 38
0967 (13/05/2011) 09 22 27 28 33 48 - 06 13 16 35 48 49
0968 (17/05/2011) 13 14 19 23 43 46 - 06 17 26 32 45 47
0969 (20/05/2011) 08 19 21 26 28 36 - 08 16 21 30 34 35
0970 (24/05/2011) 09 13 14 22 30 34 - 05 18 26 33 36 42
0971 (27/05/2011) 05 19 37 45 47 48 - 03 05 16 38 42 45
0972 (31/05/2011) 04 11 19 34 45 47 - 03 08 17 26 27 49
0973 (03/06/2011) 04 09 28 33 45 47 - 19 20 42 43 46 50
0974 (07/06/2011) 02 03 21 23 37 48 - 08 17 24 40 46 49
0975 (10/06/2011) 01 13 23 24 40 49 - 12 25 34 37 40 46
0976 (14/06/2011) 04 05 10 16 30 47 - 02 21 24 32 45 50
0977 (17/06/2011) 03 07 10 18 29 47 - 03 06 15 18 23 35
0978 (21/06/2011) 02 11 16 22 32 37 - 10 14 15 18 28 30
0979 (24/06/2011) 08 14 15 30 35 39 - 07 15 21 38 39 43
0980 (28/06/2011) 01 04 12 17 28 44 - 02 08 11 37 39 42
0981 (01/07/2011) 10 12 15 19 44 47 - 04 19 21 24 26 35
0982 (05/07/2011) 05 10 23 25 33 38 - 16 21 34 39 48 49
0983 (08/07/2011) 07 11 12 36 48 50 - 24 26 33 36 37 43
0984 (12/07/2011) 01 11 14 22 41 50 - 05 14 16 18 21 26
0985 (15/07/2011) 08 10 18 24 27 36 - 04 14 19 30 42 48
0986 (19/07/2011) 04 07 12 16 34 41 - 12 21 33 36 39 47
0987 (22/07/2011) 04 22 23 26 38 49 - 04 15 24 31 41 48
0988 (26/07/2011) 06 12 23 29 31 32 - 10 17 26 33 34 46
0989 (29/07/2011) 05 29 33 35 47 49 - 15 23 37 41 44 45
0990 (02/08/2011) 07 12 33 36 49 50 - 04 05 22 29 43 48
0991 (05/08/2011) 03 06 24 34 43 47 - 03 13 19 32 33 41
0992 (09/08/2011) 11 14 22 25 36 39 - 14 15 18 26 28 46
