0001 (02/10/1999) 06 11 14 16 21 22 25 32 33 34 46 61 70 73 78 88 89 90 95 100
0002 (09/10/1999) 08 11 14 17 18 24 29 37 44 49 51 55 62 63 64 76 82 84 93 97
0003 (16/10/1999) 08 10 11 17 20 22 28 34 45 47 48 54 55 57 67 74 79 85 91 99
0004 (23/10/1999) 05 12 14 25 30 35 39 41 44 49 51 55 60 63 64 67 78 83 93 98
0005 (30/10/1999) 08 17 20 28 32 39 42 43 51 54 59 65 69 71 73 87 92 98 99 100
0006 (06/11/1999) 12 13 17 20 24 27 30 33 35 42 47 48 58 72 73 74 75 76 80 93
0007 (13/11/1999) 03 06 18 19 23 36 39 45 46 50 56 59 64 70 73 85 92 94 97 99
0008 (20/11/1999) 05 07 10 11 19 26 33 41 47 53 57 59 65 74 75 83 84 94 99 100
0009 (27/11/1999) 01 03 07 09 10 17 21 22 29 30 32 36 60 67 69 70 73 77 98 100
0010 (04/12/1999) 08 09 25 28 34 38 41 42 47 51 55 60 63 65 79 81 86 87 95 98
0011 (11/12/1999) 08 14 16 24 34 35 46 51 53 54 58 64 71 74 78 79 83 87 93 94
0012 (18/12/1999) 05 10 16 20 21 22 28 32 36 37 39 43 49 52 56 63 65 81 88 89
0013 (24/12/1999) 02 03 06 32 35 42 47 56 58 59 66 68 75 76 79 82 84 88 91 100
0014 (31/12/1999) 03 04 11 13 18 29 30 36 37 40 43 52 55 59 76 81 83 85 86 97
0015 (08/01/2000) 04 05 12 13 14 15 19 22 26 29 31 38 41 48 54 65 73 92 94 97
0016 (15/01/2000) 01 10 11 12 13 16 22 29 45 46 48 49 51 57 59 63 73 78 91 94
0017 (22/01/2000) 01 13 19 22 29 30 31 37 38 39 43 47 59 61 78 79 92 96 97 98
0018 (29/01/2000) 05 16 32 34 40 46 47 59 60 69 70 76 78 79 85 91 92 96 97 100
0019 (05/02/2000) 08 10 11 13 18 21 25 31 33 36 48 53 67 77 82 86 94 98 99 100
0020 (12/02/2000) 20 26 30 31 42 43 51 55 59 60 61 65 70 71 72 75 84 90 93 97
0021 (19/02/2000) 02 07 08 16 26 29 38 41 45 54 59 67 71 73 75 77 89 92 97 99
0022 (26/02/2000) 05 11 13 23 29 33 37 38 41 42 45 49 56 79 84 85 93 94 95 100
0023 (04/03/2000) 04 17 18 19 24 25 26 28 31 32 37 40 41 53 60 64 77 78 89 99
0024 (11/03/2000) 01 11 13 23 32 41 42 43 45 46 48 49 50 51 59 66 75 86 94 95
0025 (18/03/2000) 05 19 21 31 45 46 47 48 49 59 64 73 82 85 88 92 93 94 95 98
0026 (25/03/2000) 03 04 05 13 15 19 27 30 32 33 42 48 49 51 53 66 78 81 88 92
0027 (01/04/2000) 01 03 06 16 19 21 31 32 39 56 58 59 61 71 75 82 84 86 91 98
0028 (08/04/2000) 05 24 33 37 41 44 45 49 54 56 57 60 64 65 67 68 73 85 89 96
0029 (15/04/2000) 01 02 05 09 11 27 29 42 53 61 68 69 74 78 84 85 86 87 93 96
0030 (22/04/2000) 05 15 22 23 24 29 33 34 36 40 42 43 49 60 61 71 72 79 97 100
0031 (29/04/2000) 01 07 08 10 13 14 15 24 35 43 44 48 52 53 64 68 73 79 94 100
0032 (06/05/2000) 05 12 17 20 23 28 29 39 41 42 49 66 67 76 79 80 83 92 94 95
0033 (13/05/2000) 06 11 12 13 14 23 28 33 34 39 49 52 56 60 71 76 82 86 90 93
0034 (20/05/2000) 02 09 12 14 19 20 23 24 28 44 45 51 54 58 61 66 77 79 82 89
0035 (27/05/2000) 04 08 11 12 14 22 23 28 36 42 47 48 49 53 54 60 67 85 88 99
0036 (03/06/2000) 05 09 16 17 43 50 51 55 56 57 58 65 69 71 76 78 85 86 88 89
0037 (10/06/2000) 01 03 06 09 17 20 21 35 38 43 44 50 52 55 73 74 82 97 98 99
0038 (17/06/2000) 02 04 11 12 20 23 30 35 36 49 53 55 56 57 58 61 66 83 98 99
0039 (24/06/2000) 02 05 09 11 17 18 24 26 30 33 38 44 52 57 70 72 78 81 84 100
0040 (01/07/2000) 05 07 08 09 16 25 41 43 51 55 57 62 67 74 77 80 83 86 90 99
0041 (08/07/2000) 04 09 11 22 26 29 33 37 41 47 50 52 58 64 65 71 77 82 86 98
0042 (15/07/2000) 03 12 18 20 21 29 35 41 47 48 64 67 73 74 75 80 83 86 89 99
0043 (22/07/2000) 06 08 17 18 19 30 31 32 39 53 54 58 75 77 84 86 90 93 94 96
0044 (29/07/2000) 08 15 18 23 28 32 36 38 40 44 52 54 72 77 78 80 81 87 99 100
0045 (05/08/2000) 01 03 14 18 24 30 33 37 41 42 57 67 68 69 70 74 80 86 90 100
0046 (12/08/2000) 02 05 09 12 24 25 28 31 32 41 45 50 63 78 81 93 94 97 98 100
0047 (19/08/2000) 07 10 11 18 21 31 34 39 42 50 70 75 78 80 82 89 92 95 96 97
0048 (26/08/2000) 05 09 13 14 15 18 30 34 35 37 45 47 56 64 68 70 74 88 98 100
0049 (02/09/2000) 21 29 31 37 40 44 45 50 55 61 62 79 80 81 83 85 86 88 95 97
0050 (09/09/2000) 06 08 20 24 26 27 28 30 34 39 40 42 43 54 66 68 71 73 82 100
0051 (16/09/2000) 01 03 04 10 16 21 40 41 46 47 51 53 57 60 63 75 82 83 89 98
0052 (23/09/2000) 01 06 09 13 18 26 31 37 45 50 53 65 69 73 80 81 85 87 89 99
0053 (30/09/2000) 06 08 10 12 18 21 28 32 34 39 41 42 49 50 56 59 62 82 86 95
0054 (07/10/2000) 06 15 17 18 22 23 38 40 43 45 53 56 74 86 87 88 91 94 97 98
0055 (14/10/2000) 03 04 05 26 32 37 40 44 49 50 54 63 64 67 73 74 89 96 97 99
0056 (18/10/2000) 08 12 16 17 24 28 30 31 35 36 47 56 60 63 74 80 82 88 91 92
0057 (21/10/2000) 02 05 09 25 28 41 44 50 58 64 67 73 78 79 83 85 93 95 97 98
0058 (25/10/2000) 08 11 13 16 19 22 23 25 48 51 56 61 66 74 78 80 85 90 92 95
0059 (28/10/2000) 07 14 16 20 27 30 35 45 52 53 56 63 76 81 83 89 91 92 94 96
0060 (01/11/2000) 02 04 12 14 17 22 26 40 41 42 43 45 47 60 67 68 76 87 88 93
0061 (04/11/2000) 06 14 26 27 30 34 35 40 51 53 55 60 61 64 68 70 74 84 88 100
0062 (08/11/2000) 09 14 19 20 23 24 25 27 31 32 33 36 41 43 44 49 61 62 66 81
0063 (11/11/2000) 01 03 18 24 33 36 41 47 48 52 54 57 65 69 74 78 82 91 92 99
0064 (18/11/2000) 03 05 06 09 11 16 21 29 37 38 47 51 54 66 68 69 84 85 93 98
0065 (22/11/2000) 01 07 08 11 14 18 21 23 27 31 39 45 58 69 72 79 83 86 92 98
0066 (25/11/2000) 04 14 16 17 23 26 33 36 38 44 54 57 62 66 76 78 88 92 94 99
0067 (29/11/2000) 03 07 09 14 18 25 26 36 46 49 50 62 64 75 76 85 89 91 94 98
0068 (02/12/2000) 03 05 06 08 22 23 24 25 28 32 45 46 53 54 57 71 78 82 88 94
0069 (06/12/2000) 01 14 15 24 29 30 34 45 55 58 69 72 73 76 83 86 94 95 98 100
0070 (09/12/2000) 12 13 17 30 33 38 39 41 44 46 47 66 80 81 83 89 90 91 94 100
0071 (13/12/2000) 11 24 27 30 36 39 44 46 50 53 55 59 61 63 66 69 73 81 90 94
0072 (16/12/2000) 08 09 11 16 20 25 31 35 39 45 47 52 64 68 70 74 87 90 93 100
0073 (20/12/2000) 11 14 18 30 39 41 50 59 69 71 73 74 81 83 91 92 93 94 98 99
0074 (23/12/2000) 11 13 17 24 28 40 41 42 43 46 48 49 53 57 61 71 87 92 96 99
0075 (27/12/2000) 01 11 15 26 27 37 38 39 48 57 59 64 73 76 78 85 87 94 95 98
0076 (30/12/2000) 06 07 10 18 22 29 30 31 48 50 52 55 56 61 67 68 80 86 96 100
0077 (03/01/2001) 02 05 07 16 27 28 31 32 38 41 49 56 76 80 83 85 89 91 98 100
0078 (06/01/2001) 07 21 24 29 33 36 41 45 46 53 63 67 71 72 81 83 84 86 87 94
0079 (10/01/2001) 02 03 04 07 09 15 20 26 30 37 38 43 47 51 55 67 77 85 86 87
0080 (13/01/2001) 06 12 17 20 22 30 36 41 42 50 55 77 81 86 88 91 93 95 98 100
0081 (17/01/2001) 14 16 23 30 33 39 43 47 52 63 65 67 68 74 83 86 87 92 94 97
0082 (20/01/2001) 01 06 14 21 22 42 47 48 49 52 53 59 62 64 69 79 85 88 90 93
0083 (24/01/2001) 04 11 13 30 37 40 43 44 45 50 51 61 65 71 74 76 79 83 85 100
0084 (27/01/2001) 02 03 04 08 11 12 16 19 22 25 42 45 50 55 57 65 68 81 88 95
0085 (31/01/2001) 02 04 07 10 13 23 25 30 31 36 44 45 47 51 58 60 63 71 84 92
0086 (03/02/2001) 01 14 19 24 26 33 38 42 45 47 51 59 60 61 64 71 87 96 98 99
0087 (07/02/2001) 06 15 17 24 30 42 43 47 51 53 54 59 67 83 85 87 93 96 98 99
0088 (10/02/2001) 11 17 23 28 30 33 41 45 46 47 51 57 60 66 76 77 84 86 94 95
0089 (14/02/2001) 01 11 17 25 33 41 44 48 50 56 59 60 63 64 67 68 76 83 86 88
0090 (17/02/2001) 17 20 24 25 26 31 32 34 37 52 55 57 62 66 73 80 88 92 93 94
0091 (21/02/2001) 08 14 22 23 25 26 27 31 34 35 36 55 58 64 66 67 81 85 91 100
0092 (24/02/2001) 05 13 21 27 29 35 42 48 51 55 58 60 61 62 63 70 86 89 90 92
0093 (03/03/2001) 01 07 14 19 20 28 34 43 49 52 53 54 69 74 77 81 82 84 90 94
0094 (07/03/2001) 07 13 14 21 23 26 37 42 46 47 54 59 60 67 72 83 84 88 90 94
0095 (10/03/2001) 01 16 20 23 27 41 44 48 53 55 57 69 72 79 84 85 86 87 91 94
0096 (14/03/2001) 03 06 09 15 18 19 22 24 32 42 51 62 64 65 70 73 75 86 94 95
0097 (17/03/2001) 01 05 08 16 31 34 38 39 43 44 45 49 50 51 55 57 63 85 92 97
0098 (21/03/2001) 02 18 26 27 38 39 45 46 51 55 63 64 68 70 72 73 76 84 89 96
0099 (24/03/2001) 02 04 06 10 16 26 28 32 34 38 39 42 53 62 69 82 89 90 92 97
0100 (28/03/2001) 02 06 07 11 12 21 27 28 38 48 51 56 58 60 66 67 77 90 91 95
0101 (31/03/2001) 01 02 03 05 12 16 19 20 27 30 33 39 49 51 59 68 74 80 82 83
0102 (04/04/2001) 04 09 11 13 21 24 35 47 48 57 62 64 70 72 76 85 89 91 94 95
0103 (07/04/2001) 05 24 25 26 29 30 32 35 45 58 61 72 77 85 86 91 92 95 97 99
0104 (11/04/2001) 07 10 17 20 23 31 33 35 37 41 44 49 50 53 64 65 68 70 71 85
0105 (14/04/2001) 01 02 03 04 09 10 15 23 25 28 34 41 48 54 72 76 86 87 93 100
0106 (18/04/2001) 01 09 10 12 15 20 21 25 29 40 55 68 72 75 77 78 82 87 88 97
0107 (21/04/2001) 06 13 18 22 26 30 33 34 36 38 40 45 53 54 61 62 64 69 75 91
0108 (25/04/2001) 01 09 18 25 28 32 35 41 43 44 48 53 59 61 62 67 85 86 90 97
0109 (28/04/2001) 01 06 13 16 19 20 29 39 40 49 50 65 77 79 80 89 92 94 98 100
0110 (02/05/2001) 01 13 16 21 22 23 30 35 39 53 61 62 63 65 66 67 72 75 81 92
0111 (05/05/2001) 07 18 25 30 32 41 44 52 56 58 59 61 71 72 79 82 86 88 96 98
0112 (09/05/2001) 09 10 15 18 24 37 47 51 57 58 60 61 63 67 74 78 88 94 97 100
0113 (12/05/2001) 04 11 13 17 27 31 32 34 36 37 38 41 52 71 81 83 84 87 88 91
0114 (16/05/2001) 01 07 11 13 17 25 27 29 32 44 48 49 50 71 74 76 80 88 90 91
0115 (19/05/2001) 02 09 10 17 19 23 26 30 31 32 38 39 40 47 56 63 72 84 88 92
0116 (23/05/2001) 03 04 07 08 11 21 31 35 39 45 46 47 53 56 59 64 80 82 83 92
0117 (26/05/2001) 02 14 23 25 30 31 36 37 42 45 46 48 64 65 66 67 73 74 99 100
0118 (30/05/2001) 02 11 12 14 15 23 29 32 33 41 53 56 60 63 65 74 82 83 90 92
0119 (02/06/2001) 02 03 05 08 25 29 36 38 41 45 50 52 55 64 69 73 79 81 82 87
0120 (06/06/2001) 02 09 10 11 12 19 21 27 29 31 35 47 48 56 61 74 75 77 84 94
0121 (09/06/2001) 02 03 09 10 15 27 34 35 40 59 69 70 71 73 75 82 89 91 99 100
0122 (13/06/2001) 08 12 14 20 21 24 27 30 35 36 43 58 59 77 82 84 85 86 88 95
0123 (16/06/2001) 06 08 19 26 30 33 44 45 50 54 58 60 64 65 66 69 76 81 85 90
0124 (20/06/2001) 02 06 08 11 25 26 28 32 39 40 41 59 64 67 69 70 76 81 84 95
0125 (23/06/2001) 08 12 23 26 34 45 48 51 52 62 66 68 69 71 77 82 86 92 94 100
0126 (27/06/2001) 01 03 07 08 09 12 14 20 29 37 38 40 41 46 56 63 68 83 96 97
0127 (30/06/2001) 03 07 22 24 27 29 38 39 41 45 48 54 59 62 65 67 71 78 79 86
0128 (04/07/2001) 03 05 17 24 31 34 43 45 46 47 49 52 57 58 59 74 84 86 88 97
0129 (07/07/2001) 10 13 17 21 26 28 36 37 38 41 43 44 47 60 65 76 78 80 84 90
0130 (11/07/2001) 03 05 10 15 16 17 19 21 37 38 41 44 49 51 52 76 84 85 94 99
0131 (14/07/2001) 09 10 12 23 24 27 42 43 45 47 48 55 62 69 70 75 80 90 94 98
0132 (18/07/2001) 02 06 07 10 12 21 27 29 40 42 45 49 51 58 71 74 76 79 86 96
0133 (21/07/2001) 02 13 21 32 34 38 42 45 48 52 53 57 62 66 71 75 79 86 92 95
0134 (25/07/2001) 07 13 15 20 21 22 24 25 27 38 47 48 55 63 65 67 71 73 85 99
0135 (28/07/2001) 05 13 27 33 37 41 48 49 53 54 58 59 60 68 78 80 84 86 95 97
0136 (01/08/2001) 06 07 16 20 22 30 33 35 41 47 50 53 54 55 59 71 80 87 89 91
0137 (04/08/2001) 03 10 18 19 29 32 42 44 50 54 55 64 65 69 74 80 81 82 87 91
0138 (08/08/2001) 03 10 12 15 20 25 29 32 41 48 52 53 54 58 69 77 79 81 82 88
0139 (11/08/2001) 02 06 08 10 11 13 23 24 33 43 49 51 55 65 66 71 75 85 89 93
0140 (15/08/2001) 04 10 14 15 16 20 28 30 43 50 51 56 57 60 62 65 78 83 92 95
0141 (18/08/2001) 04 10 14 19 24 25 30 40 46 51 56 66 79 84 87 89 90 92 93 99
0142 (22/08/2001) 07 13 14 24 25 31 35 38 44 51 54 55 60 63 68 82 89 94 96 98
0143 (25/08/2001) 05 18 22 26 32 33 38 45 47 48 53 54 58 69 76 78 80 81 82 83
0144 (29/08/2001) 14 15 25 36 38 41 45 46 50 51 59 60 62 66 74 81 85 87 95 99
0145 (01/09/2001) 03 05 22 33 34 39 40 41 42 43 45 46 50 57 64 70 76 79 85 99
0146 (05/09/2001) 03 06 17 24 26 37 43 47 49 57 59 60 67 73 75 87 88 92 93 96
0147 (08/09/2001) 02 04 06 07 08 21 23 26 35 40 48 56 59 65 73 81 82 85 88 98
0148 (12/09/2001) 09 10 12 22 24 26 33 40 41 43 45 49 60 77 81 84 85 91 98 100
0149 (15/09/2001) 10 18 24 25 29 38 39 43 45 49 50 55 58 63 66 70 82 85 90 93
0150 (19/09/2001) 07 09 15 18 20 23 25 26 29 37 38 39 48 50 52 54 55 79 89 96
0151 (22/09/2001) 04 07 11 12 25 33 34 39 45 48 50 51 56 73 78 81 84 85 90 94
0152 (26/09/2001) 06 08 09 18 19 27 28 46 48 51 52 60 66 73 75 81 83 86 87 95
0153 (29/09/2001) 04 09 10 11 12 28 36 39 43 50 51 63 64 67 69 71 75 76 79 97
0154 (03/10/2001) 04 06 12 28 30 43 44 45 49 51 55 62 65 66 73 79 81 88 92 98
0155 (06/10/2001) 01 05 15 17 18 24 26 27 29 32 33 34 37 38 42 47 50 70 72 93
0156 (10/10/2001) 01 10 19 20 24 32 38 40 42 48 50 59 66 68 77 82 85 91 95 98
0157 (13/10/2001) 04 08 16 17 23 30 38 44 51 54 57 59 62 63 66 81 84 86 88 90
0158 (17/10/2001) 06 13 24 31 36 51 52 53 54 55 56 62 63 66 70 72 86 89 93 98
0159 (20/10/2001) 05 08 11 14 29 35 45 48 53 55 61 65 67 68 73 74 75 79 86 96
0160 (24/10/2001) 01 23 25 26 29 33 37 38 42 48 56 62 65 66 68 83 89 92 94 100
0161 (27/10/2001) 02 04 11 13 16 32 33 43 50 55 58 60 61 69 73 80 82 83 92 98
0162 (31/10/2001) 01 08 12 18 25 27 29 41 49 61 62 70 74 80 81 83 86 91 95 98
0163 (03/11/2001) 06 09 11 13 15 18 19 26 30 33 47 52 53 59 69 78 81 83 85 96
0164 (07/11/2001) 12 15 24 40 45 47 49 54 55 59 63 64 69 73 77 80 81 84 87 96
0165 (10/11/2001) 01 09 14 15 29 39 41 43 45 46 49 60 61 65 67 71 76 82 89 92
0166 (14/11/2001) 12 15 17 21 22 24 30 31 34 38 62 70 72 76 77 81 87 89 92 94
0167 (17/11/2001) 01 17 23 29 30 35 36 43 51 52 57 59 63 65 76 82 86 95 96 99
0168 (21/11/2001) 01 13 14 15 19 20 23 25 27 40 46 53 55 57 69 77 79 83 89 100
0169 (24/11/2001) 04 11 23 24 25 39 42 43 53 54 55 59 65 68 75 78 91 94 95 96
0170 (28/11/2001) 13 14 22 27 29 34 36 47 53 56 61 65 66 69 73 77 89 97 98 100
0171 (01/12/2001) 04 06 10 12 14 35 41 48 51 57 60 62 69 71 76 81 84 86 91 92
0172 (05/12/2001) 12 13 14 19 26 30 34 35 38 46 52 53 55 56 57 67 71 73 91 95
0173 (08/12/2001) 01 03 04 06 11 15 21 22 28 32 43 44 47 51 52 57 63 73 84 88
0174 (12/12/2001) 05 11 12 17 23 26 31 33 35 41 58 63 68 69 72 76 83 91 92 100
0175 (15/12/2001) 02 19 25 29 39 43 45 51 56 57 63 64 75 77 82 83 84 91 92 98
0176 (19/12/2001) 05 09 15 21 30 31 41 47 49 50 53 55 65 72 75 76 82 89 91 100
0177 (22/12/2001) 01 03 05 16 19 22 29 33 34 39 42 43 54 71 77 80 83 88 89 98
0178 (29/12/2001) 04 11 12 17 18 27 33 37 39 42 44 48 51 59 85 91 94 97 98 100
0179 (05/01/2002) 02 11 23 25 30 33 35 38 39 48 50 52 58 61 64 65 73 83 84 99
0180 (09/01/2002) 01 07 16 24 33 34 40 45 48 51 54 55 56 64 71 72 74 76 77 95
0181 (12/01/2002) 02 06 17 19 24 25 26 28 37 41 49 50 63 71 72 78 82 93 95 97
0182 (16/01/2002) 01 08 10 12 18 25 26 30 35 44 55 61 62 65 67 69 84 85 93 100
0183 (19/01/2002) 09 14 24 28 33 40 41 42 48 54 59 62 64 65 73 74 79 84 96 97
0184 (23/01/2002) 04 16 19 21 24 27 29 31 45 50 58 72 86 88 92 93 94 95 96 100
0185 (26/01/2002) 19 21 27 31 37 40 47 48 51 56 58 60 66 72 73 78 81 83 94 98
0186 (30/01/2002) 04 05 11 17 21 23 24 25 27 38 40 62 64 68 69 88 90 94 96 97
0187 (02/02/2002) 03 07 12 20 23 27 28 31 36 42 44 55 58 76 79 80 83 84 88 93
0188 (06/02/2002) 01 21 25 26 30 33 39 47 54 57 62 64 71 78 86 90 92 94 95 100
0189 (09/02/2002) 20 21 29 31 32 34 35 37 46 47 48 49 51 52 74 77 79 81 83 86
0190 (16/02/2002) 01 16 17 22 23 25 29 30 42 46 49 51 53 81 83 84 87 88 90 100
0191 (20/02/2002) 02 06 07 09 13 14 18 25 27 36 47 50 53 68 69 75 79 80 88 90
0192 (23/02/2002) 05 06 10 17 23 34 35 44 53 54 56 61 65 68 69 75 77 80 86 88
0193 (27/02/2002) 06 11 13 15 20 22 24 28 44 49 54 59 61 66 70 74 86 95 96 97
0194 (02/03/2002) 09 13 18 22 28 33 34 37 41 46 48 62 63 65 72 76 77 85 87 93
0195 (06/03/2002) 04 08 12 14 16 25 28 36 42 45 48 49 51 52 53 54 61 66 81 92
0196 (09/03/2002) 03 04 12 14 16 17 19 23 33 34 35 38 48 51 58 66 78 84 93 97
0197 (13/03/2002) 08 11 12 13 14 24 26 36 37 38 42 52 54 57 58 61 90 91 92 99
0198 (16/03/2002) 01 07 12 14 16 25 33 55 57 59 64 65 66 68 76 77 78 85 92 93
0199 (20/03/2002) 01 08 10 16 19 25 31 34 37 38 43 47 68 70 80 83 85 89 91 99
0200 (23/03/2002) 12 20 23 27 29 32 33 35 38 56 58 66 74 76 79 82 84 90 93 97
0201 (27/03/2002) 01 04 15 16 19 38 40 48 59 61 62 64 74 75 82 83 87 88 89 96
0202 (30/03/2002) 05 07 09 11 15 26 39 45 56 60 61 62 64 70 73 80 81 82 85 96
0203 (03/04/2002) 01 14 22 29 31 34 37 39 40 67 68 71 72 74 83 84 88 90 91 99
0204 (06/04/2002) 06 16 17 27 30 38 40 44 45 46 49 50 55 59 62 67 70 88 89 96
0205 (10/04/2002) 09 10 28 33 41 44 47 48 49 57 64 71 74 75 76 80 81 85 86 99
0206 (13/04/2002) 05 06 11 17 23 25 32 37 41 44 49 58 59 62 65 67 76 80 89 99
0207 (17/04/2002) 05 10 11 14 17 28 32 33 38 39 46 64 65 70 71 74 77 80 81 90
0208 (20/04/2002) 03 07 08 11 17 29 31 37 43 44 59 60 66 68 69 77 87 90 95 96
0209 (24/04/2002) 03 04 08 13 32 38 39 41 50 53 55 57 64 76 77 85 88 90 94 97
0210 (27/04/2002) 06 07 14 20 35 40 41 47 49 57 60 66 70 76 77 79 83 84 86 98
0211 (04/05/2002) 03 09 13 15 20 26 32 38 41 44 46 47 50 59 60 61 64 70 87 97
0212 (08/05/2002) 03 06 08 09 12 15 22 27 37 40 43 44 46 47 54 61 80 89 96 99
0213 (11/05/2002) 01 05 15 17 22 23 28 31 41 44 47 54 55 56 57 67 71 72 78 82
0214 (15/05/2002) 01 05 08 09 14 16 23 28 47 50 54 56 65 66 70 74 75 90 96 99
0215 (18/05/2002) 08 14 20 31 39 42 43 54 55 56 62 64 65 67 69 73 74 85 92 98
0216 (22/05/2002) 02 06 09 13 14 22 28 33 36 42 44 47 52 53 61 62 64 77 82 99
0217 (25/05/2002) 09 12 18 21 22 35 43 46 52 59 60 72 74 75 76 77 82 95 96 99
0218 (29/05/2002) 05 12 15 25 34 43 45 48 54 60 61 65 68 70 72 78 79 80 87 95
0219 (01/06/2002) 05 07 18 21 23 27 32 33 39 42 58 65 72 75 76 77 78 83 91 94
0220 (05/06/2002) 08 12 16 23 24 26 27 30 36 45 48 49 56 62 69 72 73 74 81 87
0221 (08/06/2002) 10 24 25 28 34 37 41 44 45 46 48 49 51 55 66 78 84 91 94 98
0222 (12/06/2002) 04 10 11 24 32 33 34 38 43 50 53 62 65 75 79 89 92 96 97 99
0223 (15/06/2002) 05 06 16 17 25 26 32 39 43 48 52 58 72 75 83 92 94 95 97 99
0224 (19/06/2002) 02 06 08 10 15 18 21 23 24 33 41 43 45 55 64 65 67 74 81 90
0225 (22/06/2002) 03 14 15 16 23 29 32 33 34 36 41 44 49 54 60 64 65 66 78 99
0226 (26/06/2002) 05 12 14 16 20 23 24 25 28 29 32 33 42 46 49 52 64 68 87 92
0227 (29/06/2002) 02 06 10 26 28 31 37 41 42 45 58 61 68 69 71 74 78 85 94 97
0228 (03/07/2002) 01 05 07 19 21 22 27 35 42 56 60 62 64 67 68 71 86 93 94 96
0229 (06/07/2002) 01 04 20 33 40 49 52 56 59 64 66 75 78 81 84 85 91 92 94 98
0230 (10/07/2002) 05 20 21 24 36 41 50 55 57 62 63 64 65 74 79 81 83 85 87 91
0231 (13/07/2002) 11 15 19 22 24 25 26 27 32 34 38 41 48 51 53 69 70 80 87 100
0232 (17/07/2002) 01 04 07 10 12 17 20 22 23 33 41 49 53 59 63 68 69 73 87 99
0233 (20/07/2002) 12 25 33 34 35 36 40 45 47 56 57 64 70 72 78 79 94 97 98 99
0234 (24/07/2002) 05 06 12 13 15 43 44 47 54 61 66 67 73 78 85 87 90 91 92 96
0235 (27/07/2002) 13 15 16 19 34 35 40 45 47 50 67 70 77 78 82 83 87 92 95 96
0236 (31/07/2002) 04 07 11 12 16 19 20 22 30 33 36 47 48 49 60 63 68 78 81 91
0237 (03/08/2002) 03 06 12 13 14 17 19 20 26 32 44 45 50 51 58 62 83 84 92 93
0238 (07/08/2002) 04 05 13 15 20 22 24 30 35 48 64 67 69 75 83 84 87 90 91 95
0239 (10/08/2002) 09 20 26 32 36 37 42 48 52 54 55 58 70 74 84 85 90 97 98 99
0240 (14/08/2002) 04 11 29 38 39 44 46 48 49 51 60 71 72 73 76 77 84 87 88 89
0241 (17/08/2002) 07 08 10 24 25 28 29 32 34 35 39 54 55 56 58 73 83 87 88 98
0242 (21/08/2002) 01 04 06 09 13 22 23 27 29 33 35 45 50 53 55 65 70 76 87 97
0243 (24/08/2002) 12 14 27 32 42 49 50 52 61 66 68 72 76 77 78 86 90 92 94 96
0244 (28/08/2002) 08 15 16 24 32 37 41 43 48 49 54 55 60 70 82 87 91 95 98 100
0245 (31/08/2002) 03 04 09 12 15 18 22 33 36 42 43 48 55 58 68 69 75 76 93 95
0246 (04/09/2002) 07 09 12 14 18 20 22 37 41 43 44 53 55 71 73 74 78 84 90 97
0247 (07/09/2002) 04 11 13 20 25 29 39 40 42 44 53 54 62 65 82 86 90 93 96 100
0248 (11/09/2002) 01 05 10 12 16 18 22 31 38 42 44 48 52 66 69 74 81 82 86 89
0249 (14/09/2002) 04 14 27 29 30 31 35 46 47 48 53 56 58 60 71 78 80 88 89 94
0250 (18/09/2002) 07 09 14 25 38 42 48 50 55 57 59 64 65 67 85 91 92 95 97 99
0251 (21/09/2002) 14 15 25 26 30 32 43 47 49 53 62 65 66 69 72 76 85 94 98 100
0252 (25/09/2002) 09 13 21 23 25 30 34 36 37 38 47 53 57 61 72 73 74 85 87 88
0253 (28/09/2002) 01 02 04 06 10 12 17 21 22 24 48 52 54 62 66 72 76 77 95 99
0254 (02/10/2002) 01 02 03 04 10 21 23 29 33 43 49 50 51 60 66 70 74 77 78 80
0255 (05/10/2002) 11 15 23 32 33 34 47 50 56 65 66 68 70 71 72 73 75 77 97 100
0256 (09/10/2002) 02 07 12 20 28 32 34 36 37 39 48 54 58 65 73 77 90 92 98 99
0257 (12/10/2002) 04 08 12 14 22 32 39 40 52 62 66 67 68 74 76 86 88 89 91 93
0258 (16/10/2002) 17 22 23 27 37 39 42 49 55 58 59 63 64 73 77 78 79 80 87 94
0259 (19/10/2002) 03 09 11 12 25 29 31 32 46 54 60 63 66 67 68 72 75 82 84 100
0260 (23/10/2002) 04 13 20 24 26 32 36 37 47 50 51 56 58 61 62 67 68 90 92 94
0261 (26/10/2002) 07 11 16 24 28 33 34 37 42 44 47 50 54 61 64 80 92 93 95 100
0262 (30/10/2002) 09 11 12 14 16 35 36 44 52 53 54 61 64 69 84 92 94 97 98 99
0263 (02/11/2002) 19 26 31 32 36 41 48 49 52 53 57 59 78 79 83 85 86 93 96 100
0264 (06/11/2002) 10 21 25 26 29 33 39 48 49 52 53 57 58 59 63 68 73 76 77 81
0265 (09/11/2002) 04 09 18 29 30 33 41 43 48 53 58 60 69 74 76 85 86 88 90 95
0266 (13/11/2002) 12 13 14 17 19 20 29 36 38 48 62 69 74 76 78 80 83 93 97 99
0267 (16/11/2002) 03 10 17 20 22 38 46 48 49 50 51 55 57 61 69 71 72 85 89 96
0268 (20/11/2002) 02 07 11 15 19 21 28 35 36 38 40 43 54 60 63 64 72 73 85 91
0269 (23/11/2002) 03 10 23 27 28 32 33 35 38 40 48 54 56 57 59 67 69 83 91 95
0270 (27/11/2002) 01 10 12 29 30 32 34 35 36 39 43 46 55 58 61 69 71 95 97 100
0271 (30/11/2002) 04 06 11 21 26 29 35 39 40 42 57 60 65 70 74 76 78 84 89 92
0272 (04/12/2002) 03 06 15 22 23 42 44 50 51 55 63 65 69 70 90 93 94 95 97 99
0273 (07/12/2002) 02 03 05 06 10 20 22 25 42 45 59 61 65 71 74 77 79 85 96 97
0274 (11/12/2002) 04 08 15 18 19 20 41 42 47 54 55 60 71 76 89 93 97 98 99 100
0275 (14/12/2002) 10 14 20 22 23 25 32 33 34 42 43 51 65 71 75 84 85 87 90 91
0276 (18/12/2002) 03 05 07 25 26 29 30 41 45 47 56 59 62 76 77 78 82 84 90 99
0277 (21/12/2002) 04 06 08 12 14 33 37 47 50 55 60 61 67 71 72 78 82 87 92 94
0278 (28/12/2002) 03 05 14 17 21 35 39 44 47 48 50 52 64 67 68 78 94 96 98 99
0279 (04/01/2003) 01 05 07 16 20 25 30 35 36 51 58 59 62 73 79 81 86 87 91 94
0280 (08/01/2003) 02 03 10 22 23 33 45 49 53 57 61 63 64 65 72 82 84 90 95 99
0281 (11/01/2003) 01 02 07 14 17 21 30 32 34 36 49 50 52 53 61 64 71 74 76 80
0282 (15/01/2003) 01 11 15 17 18 20 21 31 36 44 55 56 59 60 61 66 69 77 87 98
0283 (18/01/2003) 05 07 19 27 30 39 40 45 47 48 49 50 51 54 60 61 64 81 82 91
0284 (22/01/2003) 01 07 14 17 23 26 29 31 33 35 36 47 48 51 61 69 71 81 82 91
0285 (25/01/2003) 04 05 10 23 26 38 46 49 50 52 61 63 75 76 81 82 85 86 97 98
0286 (29/01/2003) 01 05 14 17 19 21 23 27 35 37 39 43 44 50 55 64 68 71 92 96
0287 (01/02/2003) 03 06 15 16 22 31 43 50 51 58 64 70 73 74 77 78 82 92 93 96
0288 (05/02/2003) 01 08 15 20 29 34 40 41 44 52 53 54 57 67 70 84 87 91 94 95
0289 (08/02/2003) 03 05 06 15 16 18 25 26 27 33 39 43 49 61 64 65 70 72 74 99
0290 (12/02/2003) 03 04 17 18 20 22 24 25 30 34 41 50 55 62 65 76 81 85 86 99
0291 (15/02/2003) 03 08 12 24 25 30 36 37 42 44 47 49 50 52 54 59 70 82 85 91
0292 (19/02/2003) 07 09 12 18 22 23 28 37 49 50 55 58 67 71 73 76 83 94 95 96
0293 (22/02/2003) 06 08 18 19 23 27 28 29 45 46 54 63 72 76 77 78 80 89 93 96
0294 (26/02/2003) 01 07 08 11 24 26 32 38 39 43 46 51 54 63 66 70 80 90 92 95
0295 (01/03/2003) 12 18 23 25 26 27 34 35 36 37 61 63 65 73 78 79 82 86 95 96
0296 (08/03/2003) 12 14 15 17 21 32 34 37 42 44 48 55 56 74 78 82 90 93 95 97
0297 (12/03/2003) 08 12 13 24 27 30 31 34 37 38 39 46 47 59 63 66 67 71 85 88
0298 (15/03/2003) 03 14 16 17 18 30 41 46 47 52 59 61 62 68 69 75 79 84 96 99
0299 (19/03/2003) 07 08 12 13 24 26 27 48 49 54 57 58 59 62 66 71 81 88 90 97
0300 (22/03/2003) 05 06 12 13 19 20 21 24 30 54 55 59 72 76 77 82 84 91 95 97
0301 (26/03/2003) 10 14 25 41 45 48 55 61 64 65 70 72 73 82 85 88 94 96 97 98
0302 (29/03/2003) 02 03 05 17 19 22 31 33 38 41 49 56 58 71 84 87 90 92 96 100
0303 (02/04/2003) 04 07 15 21 27 38 39 54 55 58 71 74 75 85 88 90 91 94 95 100
0304 (05/04/2003) 01 11 15 19 20 24 27 34 41 47 62 63 66 68 71 75 85 91 94 100
0305 (09/04/2003) 01 02 03 10 24 27 32 52 53 62 70 72 78 79 80 87 91 94 97 98
0306 (12/04/2003) 04 19 24 28 34 35 37 46 47 49 58 59 71 81 86 88 89 93 97 98
0307 (16/04/2003) 09 14 15 30 47 52 57 60 64 66 68 73 74 76 78 79 81 88 91 97
0308 (19/04/2003) 02 08 12 15 19 20 42 44 55 56 65 67 73 75 76 79 85 88 94 99
0309 (23/04/2003) 06 07 09 14 24 31 37 42 43 52 54 60 64 65 74 82 84 85 90 95
0310 (26/04/2003) 07 15 24 37 39 42 46 56 61 62 64 65 68 72 76 78 79 80 86 100
0311 (30/04/2003) 05 13 19 25 31 32 36 41 48 52 55 70 72 73 76 79 83 88 89 96
0312 (03/05/2003) 11 14 21 29 36 43 45 51 53 56 57 62 64 67 68 70 81 90 91 97
0313 (07/05/2003) 03 09 11 20 23 25 26 27 38 43 45 56 60 68 72 73 80 89 91 92
0314 (10/05/2003) 02 03 08 12 16 18 22 28 29 43 48 53 63 68 75 76 91 93 96 97
0315 (14/05/2003) 02 08 11 17 18 22 32 35 39 40 45 46 53 55 62 65 68 76 91 99
0316 (17/05/2003) 01 17 20 22 23 25 27 28 49 51 58 64 67 68 71 74 76 84 92 95
0317 (21/05/2003) 03 14 19 22 35 43 52 54 56 57 67 71 79 83 84 87 90 91 96 99
0318 (24/05/2003) 03 11 16 20 22 23 24 25 33 37 39 43 47 69 72 84 86 87 93 100
0319 (28/05/2003) 01 02 10 21 23 31 34 36 50 52 59 66 70 71 72 78 85 90 94 100
0320 (31/05/2003) 01 12 19 23 25 29 34 35 36 42 44 45 48 56 60 63 66 69 85 94
0321 (04/06/2003) 01 04 13 15 21 30 32 37 43 50 57 59 60 62 76 79 82 92 93 94
0322 (07/06/2003) 03 05 12 34 40 41 48 49 54 60 61 62 65 67 74 78 86 93 96 100
0323 (11/06/2003) 06 13 16 30 41 48 55 56 60 61 64 65 66 73 75 81 88 89 94 97
0324 (14/06/2003) 02 06 10 14 16 18 20 23 24 32 39 42 44 46 51 66 70 78 85 99
0325 (18/06/2003) 01 07 10 32 36 39 40 43 46 58 59 61 69 74 78 80 83 86 95 99
0326 (21/06/2003) 10 12 13 14 25 29 36 41 45 50 51 54 57 63 66 76 80 83 84 96
0327 (25/06/2003) 09 13 14 16 22 32 33 38 39 43 49 51 76 79 82 89 90 93 95 100
0328 (28/06/2003) 03 11 27 30 31 33 45 53 54 55 64 65 74 81 89 90 91 94 96 100
0329 (02/07/2003) 02 09 10 16 24 26 27 29 32 33 35 42 48 61 65 75 82 86 95 98
0330 (05/07/2003) 01 02 03 08 14 23 29 33 34 38 43 44 49 52 55 62 65 71 74 94
0331 (09/07/2003) 01 02 10 12 14 18 40 45 46 47 50 53 59 75 77 79 82 85 92 95
0332 (12/07/2003) 06 16 18 25 26 27 29 30 39 42 44 48 50 58 62 82 89 94 97 98
0333 (16/07/2003) 04 17 21 32 36 46 47 54 57 58 60 61 67 70 81 83 94 95 97 98
0334 (19/07/2003) 02 10 12 16 20 31 40 43 47 48 50 51 54 61 63 67 75 86 91 98
0335 (23/07/2003) 19 22 23 30 34 35 37 44 49 51 54 55 68 72 76 78 83 85 90 92
0336 (26/07/2003) 04 07 17 19 47 49 50 51 54 55 57 58 73 75 81 82 86 88 89 96
0337 (30/07/2003) 03 11 12 13 15 22 24 32 34 39 42 43 51 52 64 65 77 80 92 93
0338 (02/08/2003) 04 06 08 18 26 27 43 44 45 54 56 57 62 69 70 73 74 89 93 97
0339 (06/08/2003) 04 07 09 15 19 22 27 35 37 46 59 63 64 68 75 77 78 87 99 100
0340 (09/08/2003) 02 04 06 07 12 20 40 41 42 55 64 68 70 74 76 82 90 94 97 99
0341 (13/08/2003) 01 04 12 15 22 25 26 33 36 41 48 52 63 71 73 79 80 85 92 95
0342 (16/08/2003) 12 18 19 21 22 36 40 43 46 49 50 51 61 62 63 64 72 75 78 79
0343 (20/08/2003) 03 09 16 18 35 39 41 43 44 45 46 47 51 53 56 71 77 84 92 94
0344 (23/08/2003) 10 13 18 23 33 38 47 54 55 58 59 63 64 67 71 89 91 94 98 99
0345 (27/08/2003) 01 02 06 19 25 28 39 43 44 45 51 56 59 70 78 85 86 92 93 95
0346 (30/08/2003) 02 04 06 11 17 21 31 35 38 44 48 49 52 54 67 69 78 86 93 94
0347 (03/09/2003) 03 05 06 09 10 13 15 23 25 33 42 45 46 62 75 79 82 83 84 96
0348 (06/09/2003) 04 11 22 29 30 31 33 34 46 53 61 82 83 87 90 93 94 96 98 99
0349 (10/09/2003) 04 09 13 16 21 25 27 28 33 46 49 51 65 67 80 81 82 85 96 99
0350 (13/09/2003) 11 24 25 28 31 40 42 47 48 51 52 54 56 65 67 70 75 81 86 92
0351 (17/09/2003) 01 09 11 13 15 25 30 32 41 43 50 52 56 65 72 75 76 80 83 84
0352 (20/09/2003) 16 20 30 39 43 48 54 56 66 70 75 79 81 82 83 88 91 92 96 100
0353 (24/09/2003) 04 09 13 15 18 21 22 27 33 39 40 43 55 60 61 63 65 66 74 99
0354 (27/09/2003) 04 13 14 19 23 24 27 29 33 40 53 55 72 76 77 81 86 90 91 100
0355 (01/10/2003) 06 07 15 18 19 24 28 39 40 45 52 53 56 72 84 88 89 92 98 99
0356 (04/10/2003) 01 02 07 14 15 22 25 29 38 40 41 45 55 62 66 78 82 85 92 98
0357 (08/10/2003) 11 22 28 29 31 33 34 35 36 40 50 58 68 71 72 79 80 85 88 95
0358 (11/10/2003) 10 12 24 34 39 46 49 54 61 62 65 68 70 71 77 78 83 91 95 100
0359 (15/10/2003) 01 04 09 13 16 17 20 22 26 28 33 49 50 57 68 77 82 93 97 99
0360 (18/10/2003) 02 04 06 23 41 46 50 51 55 57 59 64 67 76 80 81 88 93 96 98
0361 (22/10/2003) 05 15 29 33 38 40 42 43 48 57 58 64 67 68 69 70 81 83 88 97
0362 (25/10/2003) 01 03 09 11 18 20 24 26 31 32 33 35 41 48 50 62 66 86 93 98
0363 (29/10/2003) 04 05 11 18 26 28 33 40 49 53 54 70 79 80 82 83 89 92 99 100
0364 (01/11/2003) 01 10 22 23 27 28 32 38 44 45 46 51 70 77 86 88 90 93 94 95
0365 (05/11/2003) 05 06 08 10 11 17 18 26 28 29 31 35 38 50 63 69 77 80 93 97
0366 (08/11/2003) 04 09 11 16 21 22 24 29 42 44 49 51 55 65 67 69 71 75 82 93
0367 (12/11/2003) 04 16 17 22 35 38 40 42 43 54 56 61 62 64 67 70 82 87 89 96
0368 (15/11/2003) 03 09 12 14 17 21 23 28 37 45 46 49 52 56 63 73 79 81 89 91
0369 (19/11/2003) 03 05 06 09 15 17 19 29 30 53 56 62 64 66 68 69 72 73 84 95
0370 (22/11/2003) 05 12 13 15 18 19 24 27 28 43 50 52 54 57 58 68 72 80 83 93
0371 (26/11/2003) 02 07 08 15 23 37 41 45 48 50 52 53 58 59 62 66 67 78 87 90
0372 (29/11/2003) 22 31 40 42 44 48 58 61 62 65 68 71 74 77 78 81 83 84 95 96
0373 (03/12/2003) 01 03 13 25 29 30 36 38 48 50 53 54 61 71 77 78 85 87 89 100
0374 (06/12/2003) 04 08 16 19 27 30 35 42 43 46 51 54 56 57 58 59 74 78 79 83
0375 (10/12/2003) 02 03 14 22 24 26 32 44 56 60 64 68 74 75 78 86 91 95 97 100
0376 (13/12/2003) 06 13 14 16 17 19 24 25 36 54 62 65 66 73 77 84 86 92 95 98
0377 (17/12/2003) 05 06 10 14 16 17 24 32 35 42 48 58 68 71 77 83 85 91 96 98
0378 (20/12/2003) 12 14 17 19 21 22 27 35 38 52 63 71 73 75 77 81 85 91 92 94
0379 (27/12/2003) 05 08 09 15 16 24 33 44 49 50 55 63 69 73 77 86 87 90 94 97
0380 (03/01/2004) 03 07 13 14 16 20 23 25 30 31 35 44 51 59 65 78 81 85 92 93
0381 (07/01/2004) 02 03 04 08 14 16 40 45 49 62 66 70 72 76 77 84 85 96 98 99
0382 (10/01/2004) 05 07 10 11 15 18 20 24 25 26 32 33 35 51 61 82 83 84 89 100
0383 (14/01/2004) 09 12 17 18 21 33 47 48 50 61 62 68 72 78 88 89 91 93 94 96
0384 (17/01/2004) 04 06 10 13 21 24 31 33 41 43 44 47 53 62 65 90 91 98 99 100
0385 (21/01/2004) 06 08 14 16 22 25 34 39 40 43 47 48 52 53 54 62 64 77 89 92
0386 (24/01/2004) 01 05 14 34 39 41 42 43 47 49 53 56 61 69 73 76 82 86 92 96
0387 (28/01/2004) 04 10 15 19 20 24 26 34 53 56 70 72 73 78 85 87 88 91 92 95
0388 (31/01/2004) 07 13 22 27 34 37 39 43 46 47 57 67 68 70 77 79 83 89 93 94
0389 (04/02/2004) 11 19 24 26 28 32 34 38 39 40 41 45 63 66 68 73 75 80 91 100
0390 (07/02/2004) 02 08 15 16 21 22 24 25 27 33 36 47 51 56 60 71 80 87 90 91
0391 (11/02/2004) 01 13 19 20 29 30 32 41 45 53 58 61 63 66 69 71 73 88 91 100
0392 (14/02/2004) 03 07 12 19 27 31 32 36 41 44 46 59 65 68 72 73 78 82 87 94
0393 (18/02/2004) 02 03 07 15 24 25 38 43 45 46 47 57 60 75 81 87 89 90 95 97
0394 (21/02/2004) 04 11 16 30 39 41 46 47 48 57 69 71 73 74 79 82 88 94 95 97
0395 (28/02/2004) 04 07 08 14 17 24 26 30 39 42 47 54 56 60 63 65 71 80 81 89
0396 (03/03/2004) 11 13 16 19 20 22 26 28 42 43 49 52 55 58 59 60 69 86 93 96
0397 (06/03/2004) 02 15 17 19 20 27 32 34 36 37 59 63 69 70 71 72 74 80 85 88
0398 (10/03/2004) 02 05 06 08 10 14 17 21 39 43 47 55 64 71 76 81 89 93 94 99
0399 (13/03/2004) 01 03 04 10 18 20 29 30 49 52 57 61 63 64 73 77 88 89 96 100
0400 (17/03/2004) 07 08 10 12 18 20 21 39 40 41 44 50 52 61 65 67 73 78 91 99
0401 (20/03/2004) 19 22 25 31 36 40 43 45 46 47 48 51 56 73 75 76 87 93 97 100
0402 (24/03/2004) 03 06 14 20 22 27 33 37 46 53 61 63 64 68 70 72 75 79 84 95
0403 (27/03/2004) 17 25 36 37 38 40 42 48 50 55 57 62 71 72 73 79 80 82 92 93
0404 (31/03/2004) 03 04 05 07 12 19 20 24 27 30 31 35 38 43 44 77 78 81 88 90
0405 (03/04/2004) 05 07 16 22 26 33 37 38 39 43 44 58 59 61 68 70 81 83 89 92
0406 (07/04/2004) 01 07 17 22 37 38 40 43 47 49 51 61 67 80 81 84 90 93 97 99
0407 (10/04/2004) 05 06 07 10 15 24 29 34 40 44 45 72 74 75 87 89 93 94 98 99
0408 (14/04/2004) 02 04 05 17 18 20 23 26 27 28 34 40 43 66 70 74 78 85 88 93
0409 (17/04/2004) 05 11 19 21 22 31 35 40 46 55 60 61 66 67 77 80 84 92 95 97
0410 (21/04/2004) 03 11 17 23 31 36 55 60 62 73 76 79 84 85 88 92 93 94 96 100
0411 (24/04/2004) 01 14 17 18 19 22 28 32 43 46 47 51 61 70 73 87 92 93 95 98
0412 (28/04/2004) 04 05 10 14 18 22 27 34 37 45 48 49 50 56 63 68 71 81 89 99
0413 (01/05/2004) 09 11 14 18 20 23 30 34 42 44 45 46 64 71 76 77 85 86 88 96
0414 (05/05/2004) 07 08 21 25 31 49 50 53 54 56 61 64 66 73 78 81 85 92 94 99
0415 (08/05/2004) 06 14 16 17 18 31 43 44 49 55 62 64 69 72 79 82 90 92 98 100
0416 (12/05/2004) 13 15 17 23 24 25 34 35 40 41 47 54 57 62 63 70 80 92 95 100
0417 (15/05/2004) 06 15 16 19 22 40 41 46 47 50 51 55 57 61 73 82 83 90 96 97
0418 (19/05/2004) 01 03 12 17 23 27 28 36 38 39 41 46 49 56 62 77 82 88 98 100
0419 (22/05/2004) 02 17 18 27 31 38 39 40 48 52 58 71 76 78 80 84 89 90 93 100
0420 (26/05/2004) 02 04 14 21 23 24 27 32 41 54 55 58 60 68 82 84 85 88 90 91
0421 (29/05/2004) 03 11 12 15 18 32 33 34 45 46 51 58 67 74 83 84 95 96 99 100
0422 (02/06/2004) 06 11 17 22 23 25 26 37 43 45 51 64 66 68 74 82 84 85 94 99
0423 (05/06/2004) 05 12 17 28 34 54 57 67 69 73 77 79 80 82 88 91 92 94 95 97
0424 (09/06/2004) 11 19 23 25 26 28 34 35 40 46 48 58 59 69 71 72 79 83 85 98
0425 (12/06/2004) 03 12 15 27 31 35 36 37 42 44 51 64 68 70 76 78 82 85 90 98
0426 (16/06/2004) 02 05 09 11 15 29 42 46 53 54 62 64 74 82 83 86 93 94 96 100
0427 (19/06/2004) 01 10 14 38 39 40 41 44 45 47 54 55 61 64 72 78 83 89 92 93
0428 (23/06/2004) 05 11 13 18 22 25 27 29 31 45 52 53 57 63 72 81 84 86 89 99
0429 (26/06/2004) 09 23 27 28 35 41 42 50 51 55 57 74 77 78 83 85 86 88 96 98
0430 (30/06/2004) 02 05 15 20 21 22 23 28 31 34 40 43 53 55 68 72 83 88 92 93
0431 (03/07/2004) 02 05 17 20 25 26 29 47 49 51 52 54 56 58 72 73 82 88 89 96
0432 (07/07/2004) 02 06 07 12 18 19 24 26 32 42 43 45 59 60 67 71 72 73 75 86
0433 (10/07/2004) 01 09 14 17 18 22 24 27 34 40 43 44 45 48 68 74 88 89 92 95
0434 (14/07/2004) 07 11 14 20 22 28 31 35 41 55 61 68 69 70 73 75 76 80 92 94
0435 (17/07/2004) 03 04 10 14 25 27 30 31 34 41 43 44 45 47 51 62 66 95 99 100
0436 (21/07/2004) 02 07 17 20 24 27 34 44 46 50 53 63 75 78 79 81 85 92 93 98
0437 (24/07/2004) 06 26 28 30 32 36 41 43 49 53 55 59 66 68 73 75 76 78 95 97
0438 (28/07/2004) 05 14 20 27 28 30 36 37 38 40 46 47 49 54 66 67 68 71 82 89
0439 (31/07/2004) 04 05 11 13 14 20 41 43 46 47 48 68 71 72 75 76 77 78 87 98
0440 (04/08/2004) 10 14 24 35 42 43 46 52 54 70 74 76 82 83 84 86 87 91 92 96
0441 (07/08/2004) 03 05 10 19 23 24 28 38 41 48 58 64 67 71 75 76 78 79 86 96
0442 (11/08/2004) 01 09 21 24 33 34 36 39 41 42 45 46 56 63 82 85 87 92 97 99
0443 (14/08/2004) 04 06 08 14 17 29 32 37 49 51 54 55 57 61 64 67 85 92 95 97
0444 (18/08/2004) 11 14 19 22 27 29 42 47 59 60 62 65 68 80 81 83 90 93 96 98
0445 (21/08/2004) 03 07 19 22 25 26 30 31 34 35 41 43 46 55 57 59 68 73 96 99
0446 (25/08/2004) 03 06 07 13 17 20 21 24 34 41 46 53 62 63 72 79 88 91 97 98
0447 (28/08/2004) 06 12 24 27 28 34 35 39 47 48 49 55 58 60 63 64 79 92 93 97
0448 (01/09/2004) 03 06 09 10 25 31 40 41 43 44 47 48 68 69 75 76 85 91 95 98
0449 (04/09/2004) 13 14 20 24 27 31 40 45 47 54 65 66 77 78 83 88 89 93 96 98
0450 (08/09/2004) 08 11 12 13 14 18 20 22 24 31 34 37 42 47 63 75 76 82 89 98
0451 (11/09/2004) 01 11 16 17 19 25 28 29 31 35 37 41 53 58 63 74 78 79 91 94
0452 (15/09/2004) 11 17 23 29 34 52 56 57 60 67 68 70 78 83 91 92 93 95 98 100
0453 (18/09/2004) 05 06 11 16 20 24 31 36 43 47 52 54 56 59 68 72 74 96 99 100
0454 (22/09/2004) 05 08 11 12 14 21 30 34 42 47 49 62 68 73 80 82 84 89 90 96
0455 (25/09/2004) 24 26 38 42 48 49 51 52 54 60 62 63 66 74 82 85 86 87 92 99
0456 (29/09/2004) 03 06 08 09 10 17 40 43 44 49 60 63 70 75 76 80 91 95 97 99
0457 (02/10/2004) 01 03 05 06 13 14 18 19 21 22 28 30 32 43 52 61 66 67 81 94
0458 (06/10/2004) 01 04 07 08 12 14 17 21 22 27 44 46 62 71 72 83 84 87 93 97
0459 (09/10/2004) 02 18 20 22 36 39 41 42 53 59 60 62 64 69 72 74 86 89 92 98
0460 (13/10/2004) 08 10 16 21 27 34 36 39 47 48 62 63 66 67 76 77 87 92 96 99
0461 (16/10/2004) 01 04 06 07 09 11 13 16 25 30 32 41 43 44 56 61 81 87 96 100
0462 (20/10/2004) 03 06 08 19 26 30 34 41 43 44 47 58 66 69 80 82 89 91 95 99
0463 (23/10/2004) 01 07 12 15 22 29 39 41 48 54 55 65 68 72 76 79 80 84 90 91
0464 (27/10/2004) 06 08 15 21 26 39 40 41 53 54 57 59 63 65 70 73 76 81 88 92
0465 (30/10/2004) 08 26 39 40 43 47 49 55 59 62 65 71 77 80 94 95 96 98 99 100
0466 (03/11/2004) 01 05 06 11 27 29 33 34 35 37 38 39 41 46 53 62 65 87 91 99
0467 (06/11/2004) 05 09 10 11 14 31 44 46 49 57 58 62 65 72 78 86 87 90 92 99
0468 (10/11/2004) 02 08 15 17 21 32 42 43 49 59 67 71 72 73 80 84 86 88 91 97
0469 (13/11/2004) 02 03 06 07 10 11 23 25 32 38 39 45 53 61 63 68 77 83 84 85
0470 (17/11/2004) 06 09 10 11 13 17 18 23 28 38 39 42 43 45 46 51 58 68 92 97
0471 (20/11/2004) 05 07 11 12 15 18 20 21 23 28 31 32 35 44 66 69 86 90 95 100
0472 (24/11/2004) 01 04 12 21 22 24 25 35 40 45 48 60 67 68 78 86 92 96 97 98
0473 (27/11/2004) 09 11 13 14 17 27 28 31 33 46 62 68 69 71 73 79 86 92 94 97
0474 (01/12/2004) 04 05 16 18 21 24 25 39 41 44 45 48 55 57 83 85 88 92 93 98
0475 (04/12/2004) 06 09 12 16 18 20 26 29 40 42 59 63 74 75 76 82 88 89 90 97
0476 (08/12/2004) 06 08 19 20 27 32 35 38 41 45 48 52 59 61 69 72 73 76 82 98
0477 (11/12/2004) 03 05 14 20 21 25 32 43 44 46 55 56 67 68 71 72 87 95 96 97
0478 (15/12/2004) 09 19 20 21 23 25 30 45 46 48 51 62 63 64 67 71 74 84 88 89
0479 (18/12/2004) 03 06 07 14 15 20 28 36 43 47 48 50 60 63 65 72 78 80 91 96
0480 (22/12/2004) 03 04 08 16 22 23 26 28 31 32 33 34 36 40 43 51 55 61 79 82
0481 (29/12/2004) 02 12 19 20 21 22 33 39 42 45 54 56 57 74 79 83 88 92 95 99
0482 (05/01/2005) 03 04 05 08 14 17 23 26 47 57 59 62 70 71 72 75 86 87 96 97
0483 (08/01/2005) 01 04 16 17 19 22 31 43 45 50 51 57 61 62 65 66 84 91 92 97
0484 (12/01/2005) 02 15 17 27 41 42 44 49 50 56 58 64 65 71 81 85 89 90 97 99
0485 (15/01/2005) 01 07 08 14 15 16 23 24 26 28 32 40 43 48 53 64 68 74 94 99
0486 (19/01/2005) 03 04 09 14 25 28 35 38 46 52 56 58 61 63 64 71 81 91 95 97
0487 (22/01/2005) 04 17 20 26 28 31 34 36 39 43 47 48 50 54 57 70 82 92 94 100
0488 (26/01/2005) 01 10 19 25 28 31 35 48 51 52 53 60 63 69 77 81 92 94 97 98
0489 (29/01/2005) 06 07 14 23 24 27 28 40 45 47 50 53 62 64 67 77 79 86 90 92
0490 (02/02/2005) 01 02 09 12 13 16 21 31 32 43 44 48 54 62 65 67 80 82 89 94
0491 (05/02/2005) 10 11 17 19 21 23 25 27 33 48 51 53 55 58 59 61 79 81 83 92
0492 (12/02/2005) 07 08 16 22 23 35 36 39 40 52 58 63 73 77 79 83 86 87 95 96
0493 (16/02/2005) 10 11 12 26 30 41 45 50 54 55 62 67 71 73 75 77 78 88 98 100
0494 (19/02/2005) 13 19 25 27 35 41 47 50 51 54 57 61 62 63 73 74 76 79 86 91
0495 (23/02/2005) 03 18 20 27 42 44 54 67 68 70 74 78 79 84 89 92 93 95 98 99
0496 (26/02/2005) 01 08 18 25 27 33 36 37 42 47 49 57 62 64 66 68 85 88 97 99
0497 (02/03/2005) 02 05 15 20 27 31 32 51 53 55 56 59 70 74 82 90 91 93 94 99
0498 (05/03/2005) 06 10 15 16 21 22 26 33 34 35 54 59 61 66 72 74 81 88 92 100
0499 (09/03/2005) 01 03 14 30 33 39 47 51 53 61 63 66 69 70 71 72 73 84 90 93
0500 (12/03/2005) 01 09 12 13 16 27 28 33 43 45 47 54 56 59 63 68 80 81 88 99
0501 (16/03/2005) 12 15 16 18 20 28 34 41 42 44 50 55 67 68 69 74 77 80 84 97
0502 (19/03/2005) 04 05 12 22 23 26 28 29 31 33 49 51 52 54 58 62 63 82 86 91
0503 (23/03/2005) 03 05 06 29 38 47 52 54 58 62 64 70 71 72 79 82 83 88 89 91
0504 (26/03/2005) 07 13 16 19 23 27 34 36 37 38 40 49 58 60 64 66 70 81 97 100
0505 (30/03/2005) 04 07 10 11 17 20 25 27 29 30 32 37 58 59 60 62 84 95 97 98
0506 (02/04/2005) 01 07 10 14 18 23 26 27 29 32 48 57 62 67 71 72 77 85 86 91
0507 (06/04/2005) 08 13 15 20 26 27 37 41 42 47 50 52 61 63 73 74 76 80 84 96
0508 (09/04/2005) 11 18 21 25 26 28 29 36 45 52 53 59 65 68 74 78 79 90 91 98
0509 (13/04/2005) 02 04 05 06 07 08 16 20 26 38 42 44 49 56 63 71 75 78 86 94
0510 (16/04/2005) 04 06 07 08 17 29 30 34 38 41 44 47 48 52 58 61 75 81 82 87
0511 (20/04/2005) 03 06 11 13 25 26 33 38 39 42 45 50 55 57 72 74 79 87 94 99
0512 (23/04/2005) 05 06 08 12 14 18 24 26 31 36 50 56 62 67 81 83 85 87 90 93
0513 (27/04/2005) 01 02 16 19 28 33 38 42 44 45 48 56 58 64 70 72 83 87 93 100
0514 (30/04/2005) 01 04 08 10 11 15 19 25 30 33 47 48 52 65 68 73 78 84 95 96
0515 (04/05/2005) 11 23 30 39 42 43 44 54 58 65 66 67 80 89 92 93 95 97 98 99
0516 (07/05/2005) 07 08 12 13 21 26 32 33 35 44 46 49 52 55 58 86 91 94 95 99
0517 (11/05/2005) 06 07 08 09 28 34 38 39 40 45 46 54 57 65 67 71 76 81 92 93
0518 (14/05/2005) 04 10 12 16 20 21 31 33 37 49 61 64 68 69 73 80 83 91 94 99
0519 (18/05/2005) 03 04 06 09 18 27 34 40 45 46 48 49 51 65 69 73 82 86 91 98
0520 (21/05/2005) 11 14 15 18 19 22 25 34 44 45 50 52 56 63 65 83 85 90 92 93
0521 (25/05/2005) 06 07 10 11 12 16 18 34 35 40 42 45 46 47 57 66 76 85 92 100
0522 (28/05/2005) 03 05 06 08 09 13 16 17 24 26 28 41 43 47 49 55 89 92 95 96
0523 (01/06/2005) 10 11 13 17 18 19 21 38 43 49 51 58 61 63 70 75 76 78 88 94
0524 (04/06/2005) 02 04 16 19 30 33 40 44 47 50 56 61 65 73 76 81 82 89 93 97
0525 (08/06/2005) 09 23 27 34 36 37 38 39 41 45 49 56 59 73 76 79 87 90 91 94
0526 (11/06/2005) 08 27 31 33 36 49 57 58 64 67 68 70 73 76 84 88 93 95 97 100
0527 (15/06/2005) 16 18 33 36 38 42 44 47 48 64 65 67 72 73 74 75 76 81 84 87
0528 (18/06/2005) 03 08 09 17 23 27 32 34 41 45 48 52 53 55 57 78 83 89 95 99
0529 (22/06/2005) 11 13 14 18 19 21 24 30 31 40 41 45 53 56 64 72 78 84 91 92
0530 (25/06/2005) 01 08 11 12 13 18 31 33 34 35 40 51 54 57 62 71 72 87 89 96
0531 (29/06/2005) 02 05 13 14 15 16 24 25 32 37 49 50 56 62 68 74 87 88 95 97
0532 (02/07/2005) 03 05 07 14 15 16 27 28 31 40 52 59 69 71 72 81 86 89 92 96
0533 (06/07/2005) 05 06 08 18 20 21 23 25 28 30 31 35 37 40 49 63 64 67 95 99
0534 (09/07/2005) 12 23 36 38 48 51 53 60 61 63 71 72 75 76 82 87 91 95 96 98
0535 (13/07/2005) 01 04 06 13 17 22 23 27 28 31 49 51 54 56 62 65 80 90 93 98
0536 (16/07/2005) 01 06 17 19 40 45 60 62 64 70 72 76 82 87 89 90 92 93 95 97
0537 (20/07/2005) 05 17 21 24 29 31 36 38 51 53 60 61 66 72 74 76 84 88 93 98
0538 (23/07/2005) 03 04 09 16 17 18 22 28 30 35 37 41 47 48 70 76 80 81 82 94
0539 (27/07/2005) 06 20 25 26 30 31 37 38 39 42 45 51 61 67 70 72 75 79 86 95
0540 (30/07/2005) 08 11 13 17 26 30 35 38 44 54 61 63 74 77 80 81 85 86 88 90
0541 (03/08/2005) 05 09 13 15 21 25 29 47 52 57 72 73 75 79 83 87 89 90 91 92
0542 (06/08/2005) 01 06 16 21 22 39 45 47 50 51 54 56 68 77 81 86 87 91 93 99
0543 (10/08/2005) 01 02 04 08 25 37 41 50 51 52 58 59 67 71 73 81 86 92 95 96
0544 (13/08/2005) 06 12 13 16 19 22 23 30 36 41 43 49 58 61 64 68 70 71 80 92
0545 (17/08/2005) 01 05 13 15 34 38 39 40 42 45 49 50 59 61 71 75 77 85 90 91
0546 (20/08/2005) 07 12 18 24 34 35 37 44 45 46 47 57 58 68 83 84 85 89 94 100
0547 (24/08/2005) 07 15 17 25 26 27 32 35 37 38 40 45 48 86 90 91 92 96 97 100
0548 (27/08/2005) 07 14 18 20 23 24 25 26 30 32 36 40 41 49 50 59 79 82 91 93
0549 (31/08/2005) 11 14 20 30 31 40 44 46 49 50 52 54 58 63 73 74 80 87 92 93
0550 (03/09/2005) 07 08 22 26 28 44 49 55 59 60 61 69 79 81 88 89 93 95 97 99
0551 (10/09/2005) 10 11 17 19 38 39 42 44 47 48 51 52 54 55 57 61 79 84 87 94
0552 (14/09/2005) 03 15 22 25 35 41 47 48 53 54 58 62 68 71 72 73 78 92 94 98
0553 (19/09/2005) 02 05 10 12 14 29 45 53 56 62 63 69 70 71 83 90 92 93 94 97
0554 (21/09/2005) 02 04 11 18 20 34 37 50 55 57 68 73 77 79 84 86 92 93 94 100
0555 (24/09/2005) 01 04 05 11 16 21 25 28 40 41 49 61 64 65 73 82 84 86 87 94
0556 (28/09/2005) 01 08 17 19 24 25 29 31 49 50 51 59 61 64 70 75 84 86 87 90
0557 (01/10/2005) 05 09 12 16 18 21 22 23 24 27 28 35 43 47 70 75 81 85 91 95
0558 (05/10/2005) 02 05 19 34 39 44 45 48 49 50 52 57 60 61 63 64 83 87 89 97
0559 (08/10/2005) 08 10 11 12 20 23 29 32 33 34 36 43 54 62 67 73 82 90 91 97
0560 (15/10/2005) 05 12 15 23 25 37 38 41 42 50 52 61 63 71 74 81 85 88 90 94
0561 (19/10/2005) 02 13 15 16 17 21 34 37 41 44 47 48 49 54 56 65 79 80 81 94
0562 (22/10/2005) 11 17 19 22 24 26 33 45 46 51 54 55 58 64 65 68 74 89 92 100
0563 (26/10/2005) 03 04 06 07 13 16 21 27 28 30 33 35 40 41 45 59 60 66 71 85
0564 (29/10/2005) 07 11 13 14 17 21 26 29 33 39 42 44 52 58 62 63 75 85 96 97
0565 (05/11/2005) 08 17 19 25 26 32 41 44 45 51 55 56 57 59 76 79 80 83 86 97
0566 (09/11/2005) 13 19 21 24 25 32 34 35 36 39 40 46 47 61 66 79 81 84 97 98
0567 (12/11/2005) 04 07 08 13 18 28 30 31 32 35 43 54 55 59 66 76 77 83 86 89
0568 (16/11/2005) 02 11 20 21 25 30 33 36 47 50 61 76 77 78 81 82 85 93 94 95
0569 (19/11/2005) 06 12 13 15 30 32 34 35 38 47 51 61 62 64 70 74 78 81 85 87
0570 (23/11/2005) 05 08 09 15 22 23 24 25 26 35 37 57 59 66 68 69 77 84 96 100
0571 (26/11/2005) 03 04 06 08 09 17 21 23 31 41 42 51 53 56 65 69 74 75 85 100
0572 (30/11/2005) 06 13 16 32 43 47 51 52 58 60 67 72 73 79 81 83 87 90 91 95
0573 (03/12/2005) 15 21 36 37 42 43 45 47 52 53 55 60 61 62 68 70 88 89 94 98
0574 (07/12/2005) 03 04 06 09 14 16 25 30 31 32 45 48 56 64 71 73 76 85 94 96
0575 (10/12/2005) 07 10 13 17 19 37 41 53 54 59 61 64 70 77 80 82 84 93 98 100
0576 (14/12/2005) 09 15 19 20 28 30 32 37 44 45 52 54 56 60 68 69 74 84 95 99
0577 (17/12/2005) 01 10 22 23 24 29 32 34 48 52 55 59 67 70 85 86 87 89 94 96
0578 (21/12/2005) 08 09 20 34 39 44 48 50 51 53 57 60 64 67 77 84 87 92 94 97
0579 (24/12/2005) 01 02 03 06 12 21 31 35 46 47 48 50 51 52 59 64 69 71 89 90
0580 (28/12/2005) 03 07 08 12 16 20 21 27 33 34 37 51 56 59 71 78 80 85 88 95
0581 (31/12/2005) 02 06 12 27 28 29 37 38 46 52 55 57 62 64 65 71 78 83 84 91
0582 (04/01/2006) 03 06 16 18 19 20 22 25 27 32 40 47 56 70 78 85 93 94 97 100
0583 (07/01/2006) 01 09 16 27 28 38 39 45 46 54 56 58 69 71 76 83 87 91 98 99
0584 (11/01/2006) 01 11 18 31 37 40 42 44 45 47 59 61 71 76 78 83 90 91 92 94
0585 (14/01/2006) 15 19 26 28 34 37 40 44 47 51 54 60 62 66 74 79 91 92 94 98
0586 (18/01/2006) 05 06 14 21 27 36 39 45 48 50 56 62 64 72 76 80 81 89 92 97
0587 (21/01/2006) 10 11 15 25 28 37 44 47 48 51 52 53 60 74 78 86 89 91 93 94
0588 (25/01/2006) 02 10 25 28 35 50 53 54 59 61 71 73 75 82 84 88 89 91 95 98
0589 (28/01/2006) 11 13 15 23 25 26 28 41 43 47 50 52 58 63 68 73 76 83 88 96
0590 (01/02/2006) 13 14 16 17 18 27 28 39 44 47 65 67 70 71 80 84 86 92 97 100
0591 (04/02/2006) 06 14 17 29 34 42 43 51 54 58 61 64 68 81 82 84 89 94 99 100
0592 (08/02/2006) 01 05 07 11 15 18 24 27 28 29 32 38 44 57 62 64 70 73 91 99
0593 (11/02/2006) 18 34 36 44 51 52 54 62 72 74 76 77 80 81 86 88 90 94 95 98
0594 (15/02/2006) 05 07 10 20 25 29 38 45 52 54 58 67 70 71 72 76 86 87 89 98
0595 (18/02/2006) 05 06 08 18 24 28 43 45 47 48 49 51 64 66 76 77 82 87 99 100
0596 (22/02/2006) 02 18 20 22 31 46 50 51 54 60 63 66 70 73 80 81 86 88 90 99
0597 (25/02/2006) 01 04 09 13 16 26 27 33 45 53 57 62 63 64 65 77 78 86 94 97
0598 (01/03/2006) 06 09 22 23 38 40 54 57 60 63 65 67 73 75 78 79 80 82 89 90
0599 (04/03/2006) 03 10 24 28 31 39 41 43 49 53 55 59 76 80 85 89 90 94 95 97
0600 (08/03/2006) 03 04 05 07 11 12 17 28 29 30 36 38 42 55 65 75 78 87 90 93
0601 (11/03/2006) 02 03 08 13 18 28 30 42 44 51 71 72 75 79 82 86 88 90 92 97
0602 (15/03/2006) 13 18 19 22 28 31 33 39 41 42 45 46 53 55 71 80 86 88 99 100
0603 (18/03/2006) 13 17 19 24 31 39 44 52 53 57 62 64 67 74 75 76 81 89 91 95
0604 (22/03/2006) 02 08 12 15 24 29 48 50 52 57 61 67 68 72 73 75 76 88 90 97
0605 (25/03/2006) 03 04 11 13 14 22 26 29 34 40 51 57 64 66 72 74 75 76 91 100
0606 (29/03/2006) 05 11 12 19 26 28 35 51 52 57 58 60 70 72 75 77 83 85 94 98
0607 (01/04/2006) 02 11 20 29 30 35 37 47 59 64 72 75 78 79 82 84 89 92 94 99
0608 (05/04/2006) 13 16 18 25 29 43 50 52 53 54 55 58 61 64 67 77 79 80 82 91
0609 (08/04/2006) 01 03 09 24 27 29 35 50 57 59 60 68 69 71 72 78 83 84 89 90
0610 (12/04/2006) 01 12 13 15 16 17 18 20 40 48 50 52 57 58 59 62 64 85 96 100
0611 (15/04/2006) 08 10 13 20 23 24 36 39 41 43 46 47 48 49 57 58 74 96 99 100
0612 (19/04/2006) 09 10 13 17 25 27 34 38 50 59 60 66 67 75 80 85 87 89 98 100
0613 (22/04/2006) 03 09 11 13 17 21 31 32 34 43 45 49 57 63 66 67 78 85 94 95
0614 (26/04/2006) 10 11 12 13 19 21 24 31 36 44 46 47 50 62 69 75 77 85 86 90
0615 (29/04/2006) 02 14 28 41 43 46 47 52 57 58 60 64 65 69 71 72 74 75 77 92
0616 (03/05/2006) 11 16 17 23 26 27 43 45 47 51 59 66 67 69 73 74 75 82 85 100
0617 (06/05/2006) 09 26 27 32 36 37 41 43 54 55 56 58 61 62 84 85 89 91 95 96
0618 (10/05/2006) 08 13 14 24 27 30 31 32 43 49 57 58 59 71 76 80 86 87 96 98
0619 (13/05/2006) 04 07 10 15 22 26 38 39 44 49 54 58 61 66 70 75 81 89 91 99
0620 (17/05/2006) 08 14 28 29 30 32 35 42 55 57 58 63 70 76 80 88 89 91 92 100
0621 (21/05/2006) 01 03 07 18 23 25 31 33 36 37 41 42 48 58 65 77 83 87 89 100
0622 (24/05/2006) 02 05 07 11 13 20 25 32 35 37 42 52 54 66 78 87 91 97 98 100
0623 (27/05/2006) 12 14 15 32 36 40 42 53 56 66 72 75 76 77 82 85 87 90 92 96
0624 (31/05/2006) 08 09 10 21 22 23 41 45 47 49 52 56 60 62 64 66 74 77 93 96
0625 (03/06/2006) 02 04 09 17 20 23 24 26 31 33 35 42 52 58 61 62 68 74 76 85
0626 (07/06/2006) 06 07 16 17 20 21 22 27 30 31 34 35 52 56 67 68 72 75 91 100
0627 (10/06/2006) 09 24 27 28 30 31 37 47 53 61 72 78 81 83 84 86 87 92 93 100
0628 (14/06/2006) 14 17 18 21 31 35 37 43 45 47 55 59 62 70 71 72 77 79 81 88
0629 (17/06/2006) 05 08 10 12 27 28 33 35 38 39 44 51 59 63 65 69 78 81 82 94
0630 (21/06/2006) 04 05 10 18 26 31 40 44 47 50 57 59 61 64 71 72 78 87 92 100
0631 (24/06/2006) 01 04 18 20 21 31 38 39 42 55 62 66 67 71 75 79 82 93 98 99
0632 (28/06/2006) 03 08 09 28 32 35 36 38 42 43 59 62 64 68 78 88 89 94 95 97
0633 (01/07/2006) 11 12 15 16 23 24 27 37 45 56 57 61 64 68 69 73 88 91 96 97
0634 (05/07/2006) 04 11 12 13 16 19 21 28 31 36 47 48 51 52 59 70 83 85 89 94
0635 (08/07/2006) 01 03 04 05 07 08 24 26 27 33 41 56 61 65 69 71 76 80 82 92
0636 (12/07/2006) 02 03 06 11 13 17 19 33 34 35 37 42 50 58 63 65 66 85 86 91
0637 (15/07/2006) 06 10 17 18 25 26 32 55 59 60 68 71 77 80 83 84 91 92 95 97
0638 (19/07/2006) 04 07 12 13 15 17 34 38 46 55 56 62 71 77 79 81 83 87 88 96
0639 (22/07/2006) 12 18 19 23 28 30 33 37 46 50 58 62 65 66 73 76 91 98 99 100
0640 (26/07/2006) 03 04 07 13 15 16 17 24 33 36 37 39 41 57 58 62 71 88 89 100
0641 (29/07/2006) 09 13 16 21 31 36 38 39 42 43 51 58 67 73 88 89 93 95 96 99
0642 (02/08/2006) 14 25 26 36 40 44 45 46 56 61 64 75 79 83 88 92 93 95 97 99
0643 (05/08/2006) 03 10 14 15 19 30 38 39 45 52 54 57 64 66 69 74 75 85 91 96
0644 (09/08/2006) 04 11 13 16 33 37 47 51 56 57 62 68 72 82 84 90 92 94 95 96
0645 (12/08/2006) 03 09 15 21 22 32 35 37 40 43 49 54 58 73 78 82 83 86 90 95
0646 (16/08/2006) 01 07 11 12 21 23 25 26 30 36 41 45 48 59 61 72 87 91 94 100
0647 (19/08/2006) 01 03 13 18 25 34 38 45 47 50 51 52 68 69 78 82 89 90 91 92
0648 (23/08/2006) 01 03 10 20 26 28 30 35 36 50 56 57 61 62 73 81 88 89 91 98
0649 (26/08/2006) 11 14 18 19 25 28 34 37 40 46 48 49 52 56 71 72 74 77 81 99
0650 (30/08/2006) 02 05 24 27 42 43 44 51 53 57 60 64 70 71 78 81 85 94 97 99
0651 (02/09/2006) 01 10 25 30 37 39 43 45 51 53 55 56 59 60 63 74 77 78 93 100
0652 (06/09/2006) 03 04 06 08 12 17 18 25 28 35 37 48 53 58 61 68 70 72 90 95
0653 (09/09/2006) 02 03 05 08 18 24 31 34 38 39 49 50 59 61 68 72 84 88 91 94
0654 (13/09/2006) 04 13 23 34 36 51 55 56 61 65 69 70 74 78 79 81 82 90 97 98
0655 (16/09/2006) 01 06 15 18 19 23 27 33 43 57 59 72 73 74 78 79 94 95 98 99
0656 (20/09/2006) 01 03 04 06 12 15 21 23 48 52 56 59 64 73 75 76 78 79 81 95
0657 (23/09/2006) 06 08 16 21 24 25 26 28 38 54 66 72 76 81 83 84 87 88 90 99
0658 (27/09/2006) 01 02 13 16 20 24 32 34 43 44 45 55 61 63 67 76 77 91 93 96
0659 (30/09/2006) 06 07 22 23 29 32 42 47 49 57 58 63 65 74 76 80 86 92 95 96
0660 (04/10/2006) 02 06 11 12 23 30 32 34 36 45 51 57 60 67 71 79 83 88 92 97
0661 (07/10/2006) 03 04 07 17 20 29 31 40 43 46 52 64 65 70 72 73 75 76 97 98
0662 (11/10/2006) 12 14 18 21 23 25 26 32 35 37 43 47 49 54 65 66 73 83 89 93
0663 (14/10/2006) 02 08 11 12 23 24 30 31 33 38 43 45 47 49 66 71 72 74 85 86
0664 (18/10/2006) 03 11 20 30 32 35 44 46 50 51 53 54 55 57 60 64 70 91 93 100
0665 (21/10/2006) 01 05 08 10 22 24 30 38 40 44 54 57 59 60 64 72 81 88 99 100
0666 (25/10/2006) 01 05 15 16 17 18 22 31 32 42 43 47 58 68 77 84 85 91 92 100
0667 (28/10/2006) 02 05 07 10 20 29 42 45 52 58 59 62 67 69 71 75 79 80 86 91
0668 (01/11/2006) 09 10 12 23 37 40 42 46 47 49 51 53 57 62 63 71 76 80 81 83
0669 (04/11/2006) 08 09 11 13 16 27 30 37 44 48 66 69 70 74 75 77 84 85 95 97
0670 (08/11/2006) 05 12 19 23 34 36 47 54 62 66 67 70 74 77 78 83 85 94 95 96
0671 (11/11/2006) 03 05 10 12 14 18 37 38 39 41 43 58 67 74 75 80 88 90 97 98
0672 (18/11/2006) 03 12 17 19 29 34 40 46 50 52 57 58 68 70 72 79 82 83 91 95
0673 (22/11/2006) 08 11 12 17 19 21 22 28 29 36 43 49 57 58 60 61 65 79 89 91
0674 (25/11/2006) 11 12 23 25 26 29 36 42 49 53 56 71 73 74 78 82 83 87 92 98
0675 (29/11/2006) 09 10 14 16 17 18 19 20 24 25 37 43 50 51 70 78 80 84 93 98
0676 (02/12/2006) 03 07 09 28 34 42 58 64 65 68 69 76 79 84 88 90 91 96 99 100
0677 (06/12/2006) 02 06 21 25 33 35 36 48 49 51 53 54 68 79 80 83 89 90 91 98
0678 (09/12/2006) 10 19 20 23 35 49 51 52 59 61 62 67 69 76 78 79 81 85 93 100
0679 (13/12/2006) 04 08 11 14 17 23 25 26 32 37 53 59 61 63 67 76 85 86 98 100
0680 (16/12/2006) 04 09 10 12 13 17 22 28 33 35 42 45 47 48 54 65 69 78 79 99
0681 (20/12/2006) 01 14 16 18 31 33 34 39 43 47 54 57 58 63 70 75 79 83 89 93
0682 (23/12/2006) 02 04 10 18 26 30 41 45 50 52 58 62 64 66 70 72 73 88 91 99
0683 (27/12/2006) 01 02 06 14 16 34 45 55 58 59 60 68 70 83 87 89 91 92 95 97
0684 (30/12/2006) 01 13 17 21 27 35 37 40 48 52 54 59 64 69 77 79 87 93 99 100
0685 (03/01/2007) 02 06 19 23 24 27 28 30 38 42 50 54 65 75 76 87 88 96 98 99
0686 (06/01/2007) 02 03 07 11 19 20 21 24 27 39 41 44 47 61 65 68 70 82 83 86
0687 (10/01/2007) 09 11 19 20 24 25 30 36 41 53 63 72 75 76 78 80 89 92 95 97
0688 (13/01/2007) 08 15 19 29 31 33 34 37 40 52 53 65 72 77 78 89 94 96 99 100
0689 (17/01/2007) 08 12 20 22 23 26 32 38 44 55 63 68 69 70 77 85 86 89 94 96
0690 (20/01/2007) 04 05 07 11 14 18 43 47 52 55 63 65 67 73 77 84 87 91 92 93
0691 (24/01/2007) 09 18 29 31 38 42 43 44 45 47 52 58 59 60 68 82 85 92 98 99
0692 (27/01/2007) 03 04 12 14 18 21 28 34 35 45 50 51 52 61 65 68 75 78 82 88
0693 (31/01/2007) 03 04 13 14 19 22 24 26 38 43 47 51 62 65 67 68 69 72 90 97
0694 (03/02/2007) 06 09 14 17 19 24 41 42 47 58 64 67 68 69 71 72 75 86 87 97
0695 (07/02/2007) 02 07 17 22 33 37 46 51 54 60 61 65 66 70 74 76 77 78 80 88
0696 (10/02/2007) 11 13 22 23 25 31 37 44 61 64 70 71 72 75 77 79 80 84 87 94
0697 (14/02/2007) 01 05 06 11 17 26 39 40 44 46 48 53 54 65 68 75 78 80 89 94
0698 (17/02/2007) 08 14 15 16 26 27 30 39 41 44 48 67 74 75 82 86 87 88 91 94
0699 (21/02/2007) 03 07 10 17 22 23 27 28 44 46 47 55 67 74 77 81 88 93 95 96
0700 (24/02/2007) 06 11 16 25 26 27 29 37 39 47 51 53 63 69 76 84 89 90 91 96
0701 (28/02/2007) 01 26 39 48 51 54 63 64 67 70 77 79 81 84 88 91 92 95 97 100
0702 (03/03/2007) 01 17 18 22 32 33 38 53 57 66 69 72 75 76 77 79 81 84 97 99
0703 (07/03/2007) 07 08 12 16 30 32 33 39 43 49 56 66 70 71 72 79 84 87 92 96
0704 (10/03/2007) 10 14 15 24 38 42 46 49 53 57 60 64 68 75 89 91 92 95 96 99
0705 (14/03/2007) 05 13 16 18 19 36 37 38 43 45 50 51 57 58 70 72 73 75 84 96
0706 (17/03/2007) 08 14 15 32 33 37 46 51 55 62 63 65 66 77 81 82 84 87 92 98
0707 (21/03/2007) 03 05 07 13 21 25 26 28 34 42 47 52 65 72 76 80 82 86 93 99
0708 (24/03/2007) 01 18 19 24 27 28 31 42 46 49 50 64 65 74 82 85 86 91 93 99
0709 (28/03/2007) 02 04 07 11 12 13 20 36 37 41 42 45 53 67 68 74 76 81 88 93
0710 (31/03/2007) 03 06 18 24 28 38 42 46 50 52 58 59 60 62 66 69 72 75 95 96
0711 (04/04/2007) 05 06 12 13 19 20 32 35 45 49 51 55 66 68 82 86 87 88 95 99
0712 (07/04/2007) 02 10 14 17 22 29 31 33 38 40 47 48 57 76 80 85 93 94 96 97
0713 (11/04/2007) 02 06 12 15 22 25 27 28 31 46 54 57 59 60 64 78 80 82 84 87
0714 (14/04/2007) 09 15 29 32 34 35 48 49 55 60 61 66 69 71 87 90 91 93 97 98
0715 (18/04/2007) 02 08 10 14 27 34 38 53 54 56 57 64 66 69 71 76 80 82 86 99
0716 (23/04/2007) 09 11 13 18 25 28 31 40 43 60 62 73 74 75 81 84 85 87 96 98
0717 (25/04/2007) 01 05 06 15 20 21 23 24 26 28 31 39 42 43 60 64 69 73 77 97
0718 (28/04/2007) 02 09 21 31 41 42 46 48 52 59 68 70 71 72 75 81 82 94 95 98
0719 (02/05/2007) 03 12 13 18 21 25 27 28 34 36 41 45 47 51 58 62 84 85 91 95
0720 (05/05/2007) 10 15 19 25 34 35 38 40 41 44 45 58 68 74 75 80 89 92 96 100
0721 (09/05/2007) 01 08 12 18 20 22 36 37 42 49 51 54 60 64 72 74 83 87 90 98
0722 (12/05/2007) 22 23 30 31 34 36 48 50 54 56 57 59 61 64 67 80 95 97 98 100
0723 (16/05/2007) 12 13 18 27 31 33 34 37 39 40 45 61 63 67 68 77 81 88 93 95
0724 (19/05/2007) 12 15 16 17 27 29 32 34 36 51 52 76 78 79 81 82 86 87 88 98
0725 (23/05/2007) 01 03 04 10 26 36 40 46 47 54 62 66 74 75 79 84 85 95 98 99
0726 (26/05/2007) 04 06 11 15 17 30 35 43 44 46 50 58 59 62 66 68 75 76 90 92
0727 (30/05/2007) 03 05 09 10 17 20 23 24 36 41 58 67 72 87 89 90 91 92 94 99
0728 (02/06/2007) 01 04 07 09 15 20 26 27 35 44 46 48 50 51 55 63 65 66 87 100
0729 (06/06/2007) 03 04 08 20 24 26 27 30 33 40 42 46 56 60 62 75 79 89 99 100
0730 (09/06/2007) 13 23 26 36 37 41 42 47 52 54 60 66 76 77 82 83 88 91 97 98
0731 (13/06/2007) 02 03 13 20 27 30 32 39 44 45 50 63 64 78 82 84 89 92 94 99
0732 (16/06/2007) 05 06 14 16 18 24 35 46 48 56 63 65 70 75 87 89 93 95 97 99
0733 (20/06/2007) 01 07 12 13 24 29 30 38 40 41 46 48 54 63 66 73 74 76 83 89
0734 (23/06/2007) 01 09 10 11 26 27 38 42 51 60 61 66 69 70 71 78 79 83 99 100
0735 (27/06/2007) 11 18 29 37 39 42 44 53 58 65 68 71 72 73 75 90 97 98 99 100
0736 (30/06/2007) 08 13 14 17 27 33 37 39 41 47 48 55 56 62 66 72 73 78 82 100
0737 (04/07/2007) 02 03 15 18 24 25 34 37 39 44 54 59 69 71 73 77 89 92 93 99
0738 (07/07/2007) 01 05 13 17 33 37 38 49 57 58 64 66 69 72 74 78 80 84 88 89
0739 (11/07/2007) 07 14 19 30 39 41 48 49 64 68 72 73 78 84 86 88 92 93 96 100
0740 (14/07/2007) 16 19 20 32 36 37 44 47 57 59 68 69 75 81 82 86 87 91 93 98
0741 (18/07/2007) 10 11 15 16 17 19 20 35 40 46 50 55 62 66 81 86 90 91 95 98
0742 (21/07/2007) 02 06 09 23 28 34 39 41 44 46 47 69 71 79 80 81 82 83 87 97
0743 (25/07/2007) 09 13 18 20 24 31 34 37 42 46 57 60 62 69 76 80 88 89 92 95
0744 (28/07/2007) 01 03 05 19 26 27 29 35 49 53 56 61 63 64 66 76 77 83 91 100
0745 (01/08/2007) 02 04 10 19 22 28 39 44 48 58 59 68 70 73 74 75 78 85 90 91
0746 (04/08/2007) 01 02 06 07 13 33 34 37 45 46 47 54 59 62 67 71 74 80 85 90
0747 (08/08/2007) 03 05 06 07 10 18 30 40 41 42 45 48 54 65 81 88 92 94 97 98
0748 (11/08/2007) 11 13 26 29 31 32 34 35 43 46 49 52 60 69 75 76 83 88 93 98
0749 (15/08/2007) 03 06 11 15 18 23 29 32 34 36 46 47 70 72 74 75 79 93 94 97
0750 (18/08/2007) 04 07 19 22 24 30 38 41 45 53 57 66 68 72 75 77 80 83 92 94
0751 (22/08/2007) 10 11 18 37 43 44 51 56 58 60 63 65 74 77 78 82 86 90 92 95
0752 (25/08/2007) 02 04 12 19 31 36 37 42 46 48 54 56 63 71 75 86 88 91 93 100
0753 (29/08/2007) 07 09 12 13 17 19 22 34 36 38 41 47 53 59 60 61 67 72 78 99
0754 (01/09/2007) 05 13 15 16 18 24 27 33 36 39 40 46 49 50 60 61 76 83 90 94
0755 (05/09/2007) 23 30 31 34 35 43 45 46 48 49 53 55 68 75 83 85 88 95 96 99
0756 (08/09/2007) 04 05 07 12 18 19 21 23 36 44 47 63 76 77 81 88 89 93 96 99
0757 (12/09/2007) 07 14 17 18 23 27 28 29 42 46 59 70 71 74 79 82 83 86 88 92
0758 (15/09/2007) 13 22 27 35 45 47 49 54 65 67 70 79 81 88 92 93 94 95 96 100
0759 (19/09/2007) 01 06 11 17 23 25 27 31 41 43 48 53 57 58 60 63 87 91 93 96
0760 (22/09/2007) 11 14 16 17 19 30 32 35 38 41 54 55 65 66 72 73 84 85 92 93
0761 (26/09/2007) 03 04 07 09 10 15 21 34 39 42 45 46 48 50 55 56 63 71 85 90
0762 (29/09/2007) 06 20 29 35 37 38 50 51 52 64 66 75 83 88 90 91 92 95 98 99
0763 (03/10/2007) 01 11 26 29 33 41 44 46 49 56 63 72 79 80 81 82 86 89 92 99
0764 (06/10/2007) 02 11 23 24 42 48 58 61 63 66 71 73 76 78 82 83 86 89 93 99
0765 (10/10/2007) 01 02 08 10 11 15 24 27 33 38 47 53 56 64 73 78 80 85 94 98
0766 (13/10/2007) 05 14 23 26 31 34 38 41 43 45 59 60 68 69 76 82 84 86 91 97
0767 (17/10/2007) 06 07 08 12 15 18 34 36 39 46 49 51 52 59 60 73 76 89 91 94
0768 (20/10/2007) 01 06 09 17 18 28 34 41 45 47 50 51 54 59 61 71 83 95 96 97
0769 (24/10/2007) 02 10 17 19 26 32 33 38 42 52 57 63 66 76 80 81 88 95 97 98
0770 (27/10/2007) 09 13 14 17 18 31 40 48 57 58 59 62 67 72 78 80 83 84 97 98
0771 (31/10/2007) 06 09 11 12 18 19 20 22 25 27 31 35 40 47 49 57 71 81 86 88
0772 (03/11/2007) 01 09 23 29 33 37 38 39 44 47 50 52 54 55 61 76 82 89 96 98
0773 (07/11/2007) 16 17 26 27 37 41 58 59 60 61 67 69 76 77 78 87 92 93 98 100
0774 (10/11/2007) 01 13 23 27 31 34 43 59 61 66 67 68 72 75 77 85 88 96 99 100
0775 (14/11/2007) 05 06 17 19 25 27 32 40 44 45 47 48 50 51 57 76 79 86 97 99
0776 (17/11/2007) 05 11 16 17 20 22 24 26 30 31 35 38 43 49 51 55 57 70 83 95
0777 (21/11/2007) 03 04 06 19 20 25 27 28 31 53 55 66 68 70 72 73 77 78 80 96
0778 (24/11/2007) 08 13 16 18 19 25 28 30 37 55 56 62 63 68 71 72 74 79 94 99
0779 (28/11/2007) 04 07 14 15 20 22 30 40 45 49 57 64 68 74 75 79 81 93 94 99
0780 (01/12/2007) 03 07 25 27 34 35 39 41 46 48 59 68 71 73 76 78 84 93 99 100
0781 (05/12/2007) 09 16 17 20 22 38 40 45 46 48 53 58 65 67 72 78 91 93 99 100
0782 (08/12/2007) 02 04 13 18 23 24 27 29 31 34 38 40 52 63 65 79 84 86 89 100
0783 (12/12/2007) 01 02 04 06 07 14 36 48 51 52 56 64 67 68 73 75 83 86 92 98
0784 (15/12/2007) 01 03 08 18 19 22 23 27 36 44 49 58 62 66 68 69 71 79 98 99
0785 (19/12/2007) 03 08 11 14 20 22 23 25 28 30 38 47 51 55 73 79 80 89 97 98
0786 (22/12/2007) 14 20 32 37 38 43 52 53 62 63 64 65 66 67 75 81 89 91 93 97
0787 (26/12/2007) 01 08 10 15 21 22 23 27 29 32 34 39 50 58 64 68 69 80 90 94
0788 (29/12/2007) 01 02 04 05 18 22 29 37 39 41 43 64 66 75 76 79 80 81 99 100
0789 (02/01/2008) 01 02 12 15 16 23 26 28 32 47 48 50 69 72 73 78 86 88 93 95
0790 (05/01/2008) 06 09 15 16 17 28 38 44 47 56 57 61 65 68 76 81 82 84 85 91
0791 (09/01/2008) 01 05 07 14 23 32 33 35 37 39 41 43 53 56 61 63 67 76 84 95
0792 (12/01/2008) 04 05 09 10 14 19 26 31 37 42 47 52 58 68 75 85 86 87 88 90
0793 (16/01/2008) 07 11 17 28 34 39 41 42 48 49 53 58 66 67 77 83 86 91 97 100
0794 (19/01/2008) 02 15 16 17 18 34 36 39 43 48 49 50 54 62 66 75 77 79 90 100
0795 (23/01/2008) 04 18 29 30 45 47 49 50 52 55 56 59 65 70 72 74 87 91 93 95
0796 (26/01/2008) 03 05 13 19 31 32 33 35 41 44 50 53 59 61 63 75 79 80 96 99
0797 (30/01/2008) 06 09 17 21 29 37 38 40 43 45 46 65 68 78 79 84 85 87 95 98
0798 (02/02/2008) 13 14 15 16 23 27 33 44 49 50 55 58 66 74 77 80 81 86 88 99
0799 (06/02/2008) 01 04 12 13 19 31 33 35 37 43 44 48 56 60 69 74 82 89 92 93
0800 (09/02/2008) 02 08 15 19 20 22 25 35 37 42 44 53 65 70 75 82 86 90 97 100
0801 (13/02/2008) 04 09 11 14 19 22 34 36 41 43 53 55 61 67 71 76 83 86 93 100
0802 (16/02/2008) 01 04 06 12 21 25 27 36 42 44 50 51 53 59 68 69 74 78 87 91
0803 (20/02/2008) 08 17 19 22 25 26 31 32 37 41 43 56 57 66 68 74 78 88 89 99
0804 (23/02/2008) 05 06 07 12 17 20 23 31 35 37 38 47 51 52 61 69 76 83 93 100
0805 (27/02/2008) 11 16 17 18 20 23 24 33 34 41 47 59 63 68 69 70 77 78 79 83
0806 (01/03/2008) 04 08 14 17 26 28 34 38 42 43 44 52 60 61 72 79 88 90 95 98
0807 (05/03/2008) 06 09 10 15 18 29 30 31 36 40 53 56 58 72 73 76 86 91 93 100
0808 (08/03/2008) 01 02 06 12 13 20 30 32 35 39 41 42 57 58 62 76 85 87 96 97
0809 (12/03/2008) 11 19 23 29 32 35 49 54 55 66 72 75 82 83 84 86 88 90 96 98
0810 (15/03/2008) 01 04 05 06 08 15 16 24 27 36 42 49 55 56 67 68 70 72 79 98
0811 (19/03/2008) 01 15 24 25 26 29 31 36 43 46 60 71 75 81 88 89 91 94 99 100
0812 (22/03/2008) 08 09 27 31 38 50 52 54 55 56 60 62 66 69 72 73 81 89 90 96
0813 (26/03/2008) 01 08 09 20 23 26 28 42 45 49 51 54 68 72 73 77 87 89 91 95
0814 (29/03/2008) 05 13 17 19 22 30 36 39 46 49 56 61 66 67 70 77 83 95 96 97
0815 (02/04/2008) 13 23 24 26 27 28 31 37 48 51 63 67 69 73 75 77 85 91 96 99
0816 (05/04/2008) 01 02 03 17 18 19 20 31 39 40 42 58 61 65 67 69 72 73 93 98
0817 (09/04/2008) 05 06 07 12 13 20 28 29 44 47 49 52 54 55 59 60 83 86 91 93
0818 (12/04/2008) 07 13 22 36 42 47 50 51 60 65 67 69 74 81 83 84 89 90 92 98
0819 (16/04/2008) 02 10 12 23 27 35 37 39 42 43 46 48 54 55 62 73 82 85 96 99
0820 (19/04/2008) 01 07 12 15 16 23 43 44 45 55 58 59 66 71 82 83 90 91 97 98
0821 (23/04/2008) 12 20 23 25 30 39 45 47 48 50 55 62 63 66 69 89 90 91 93 100
0822 (26/04/2008) 04 17 19 25 27 28 35 37 39 41 55 61 62 72 75 76 86 88 92 98
0823 (30/04/2008) 06 17 18 25 27 32 33 38 44 46 47 57 58 59 66 67 83 93 97 100
0824 (03/05/2008) 03 08 15 17 19 21 24 26 38 44 47 57 68 70 76 79 82 83 91 92
0825 (07/05/2008) 04 15 17 20 26 29 32 42 59 60 62 67 68 72 81 88 90 91 92 100
0826 (10/05/2008) 04 09 12 22 23 25 28 36 52 53 59 63 66 67 68 69 71 77 88 98
0827 (14/05/2008) 03 14 15 18 19 26 30 31 46 48 49 50 59 60 71 72 74 75 78 85
0828 (17/05/2008) 08 09 19 20 29 33 42 50 51 53 56 58 64 65 79 85 88 93 96 100
0829 (21/05/2008) 06 12 21 32 37 42 43 49 51 54 55 57 58 61 66 70 78 84 88 98
0830 (24/05/2008) 05 08 11 18 23 29 30 34 35 39 51 59 69 74 76 89 90 91 92 100
0831 (28/05/2008) 10 16 17 19 20 22 38 40 43 47 50 54 56 64 83 87 91 94 99 100
0832 (31/05/2008) 01 04 07 10 11 20 28 33 35 37 47 52 56 59 62 73 76 79 88 97
0833 (04/06/2008) 07 08 12 14 32 34 36 38 40 42 54 62 66 71 72 74 79 80 83 98
0834 (07/06/2008) 01 03 10 17 19 25 34 35 41 42 46 55 64 67 70 71 78 85 89 96
0835 (11/06/2008) 07 11 12 13 24 31 35 36 37 38 45 56 57 71 75 79 80 90 91 97
0836 (14/06/2008) 05 07 08 10 15 16 19 25 33 39 42 49 58 65 72 80 81 91 92 99
0837 (18/06/2008) 08 13 16 21 26 36 42 53 55 65 72 73 80 81 83 85 86 90 96 97
0838 (21/06/2008) 03 16 22 24 27 34 46 47 49 65 67 69 73 81 83 84 89 93 94 98
0839 (25/06/2008) 06 12 14 16 18 21 24 25 30 32 43 55 70 72 74 80 85 89 95 97
0840 (28/06/2008) 09 14 17 22 28 33 42 43 46 54 55 59 63 66 72 87 94 95 98 99
0841 (02/07/2008) 02 09 11 25 28 35 43 49 70 74 78 81 82 85 87 90 91 94 95 97
0842 (05/07/2008) 08 10 11 18 28 31 37 38 40 45 46 49 55 62 79 81 85 86 91 95
0843 (09/07/2008) 01 07 11 14 17 19 25 31 32 33 37 41 42 47 57 59 71 90 92 98
0844 (12/07/2008) 06 11 13 15 24 25 26 29 33 34 35 44 49 68 77 79 82 86 90 91
0845 (16/07/2008) 01 05 06 09 18 19 21 22 40 41 42 48 52 55 66 67 85 88 89 99
0846 (19/07/2008) 03 04 05 11 28 30 38 41 43 50 51 52 53 56 64 66 70 71 82 90
0847 (23/07/2008) 06 07 08 12 19 25 30 45 47 53 58 61 65 71 77 79 85 86 88 97
0848 (26/07/2008) 10 16 20 26 40 51 60 61 62 63 65 70 73 74 75 76 81 88 93 96
0849 (30/07/2008) 01 05 08 12 16 18 23 35 42 43 47 51 53 55 57 63 65 70 74 75
0850 (02/08/2008) 01 03 07 11 14 18 23 42 43 45 54 62 78 82 86 88 90 92 94 97
0851 (06/08/2008) 02 07 10 11 12 19 20 28 29 47 49 58 73 78 82 87 91 96 98 100
0852 (09/08/2008) 15 19 27 28 36 37 41 45 46 47 52 56 57 67 70 75 76 78 92 95
0853 (13/08/2008) 04 05 11 19 25 29 36 39 42 46 49 51 64 71 74 78 82 85 86 99
0854 (16/08/2008) 04 10 16 17 26 28 31 32 38 47 49 54 59 69 81 84 88 94 95 99
0855 (20/08/2008) 04 07 09 16 17 23 25 30 32 50 52 58 70 75 77 82 88 92 96 97
0856 (23/08/2008) 04 05 06 10 13 17 22 24 27 31 44 45 47 55 57 62 64 65 78 96
0857 (27/08/2008) 03 11 12 27 28 30 35 36 37 41 46 47 50 51 58 62 72 77 88 100
0858 (30/08/2008) 02 05 06 07 08 26 29 32 37 39 41 48 50 55 58 75 80 88 91 98
0859 (03/09/2008) 08 09 17 24 30 31 34 36 47 48 51 59 68 69 73 74 78 85 94 97
0860 (06/09/2008) 05 08 13 17 20 29 31 37 38 40 43 44 47 49 56 65 66 68 71 78
0861 (10/09/2008) 03 07 12 22 37 40 41 50 56 59 66 68 71 76 79 84 85 93 98 99
0862 (13/09/2008) 09 18 24 36 38 48 53 54 58 61 69 70 72 74 87 91 92 97 98 99
0863 (17/09/2008) 03 04 17 22 40 41 46 49 52 53 56 60 62 71 75 82 83 89 94 100
0864 (20/09/2008) 05 10 12 14 18 22 27 28 40 49 56 59 63 66 69 80 81 88 92 97
0865 (24/09/2008) 01 04 07 10 11 25 26 35 38 43 48 55 56 62 64 67 68 79 85 98
0866 (27/09/2008) 06 08 14 23 30 31 32 37 39 40 44 45 48 50 52 80 89 91 97 99
0867 (01/10/2008) 10 12 16 21 22 25 31 32 37 42 43 53 67 76 79 85 86 92 94 99
0868 (04/10/2008) 01 14 22 26 30 34 39 42 53 58 59 62 71 77 81 83 86 87 99 100
0869 (08/10/2008) 03 04 05 06 13 22 23 24 25 29 36 45 60 65 74 76 80 81 96 97
0870 (11/10/2008) 23 24 31 39 40 41 46 50 52 56 57 59 64 77 83 84 85 90 91 98
0871 (15/10/2008) 02 04 09 12 18 26 36 40 47 49 53 56 62 64 68 80 90 93 94 100
0872 (18/10/2008) 08 14 31 34 38 41 45 47 59 65 70 72 74 76 81 85 87 94 96 100
0873 (22/10/2008) 02 04 10 19 21 27 28 29 32 38 39 42 46 51 60 63 71 77 87 97
0874 (25/10/2008) 05 09 10 21 35 40 41 49 52 56 59 61 63 73 82 83 88 89 90 96
0875 (29/10/2008) 04 07 14 17 24 27 38 43 52 54 55 57 58 61 70 78 82 84 85 90
0876 (01/11/2008) 02 06 16 17 30 31 37 38 41 42 43 45 69 72 77 81 90 93 94 95
0877 (05/11/2008) 03 07 19 21 22 25 32 43 48 50 52 54 71 75 76 83 87 93 94 98
0878 (08/11/2008) 03 14 16 24 26 32 35 37 47 51 52 53 55 56 73 75 81 87 94 100
0879 (12/11/2008) 02 07 17 21 26 33 34 39 42 43 48 49 60 64 75 77 89 96 98 100
0880 (16/11/2008) 02 04 06 25 28 29 30 38 47 49 50 52 54 64 72 73 76 86 96 100
0881 (19/11/2008) 03 07 09 13 22 26 37 39 44 49 58 62 66 67 71 78 80 82 92 96
0882 (22/11/2008) 12 17 21 23 24 27 30 38 42 46 52 53 57 68 75 78 79 83 84 99
0883 (26/11/2008) 01 02 04 06 07 10 19 23 37 42 49 63 74 78 88 89 94 97 98 100
0884 (29/11/2008) 03 06 11 14 19 20 30 31 32 38 47 55 57 58 61 64 70 86 88 95
0885 (03/12/2008) 07 10 11 19 26 33 36 38 41 45 50 56 57 62 63 71 77 78 84 97
0886 (06/12/2008) 03 05 07 11 14 15 32 36 37 38 45 47 50 51 70 71 72 79 97 98
0887 (10/12/2008) 02 04 06 14 19 27 30 41 42 49 53 55 56 57 62 66 75 80 82 90
0888 (13/12/2008) 04 09 25 28 30 42 51 52 53 56 61 66 68 71 76 77 84 86 98 100
0889 (17/12/2008) 03 06 10 20 27 35 38 40 43 46 55 56 62 68 77 79 93 94 96 100
0890 (20/12/2008) 01 04 06 09 21 22 23 25 29 49 55 68 71 72 76 80 81 85 90 95
0891 (24/12/2008) 01 13 15 17 18 22 24 26 31 46 55 63 66 73 74 79 90 93 95 96
0892 (27/12/2008) 02 10 12 15 23 30 39 47 52 60 63 66 69 70 72 74 82 83 88 90
0893 (31/12/2008) 01 03 05 10 18 36 39 40 42 44 47 53 60 67 71 73 78 79 82 86
0894 (03/01/2009) 06 21 26 28 29 31 33 36 37 39 40 41 49 53 63 65 77 81 84 100
0895 (07/01/2009) 02 04 11 14 17 21 23 26 28 44 45 49 58 59 61 74 81 85 88 89
0896 (10/01/2009) 02 13 25 27 28 33 36 37 39 43 45 51 52 67 70 71 74 88 92 93
0897 (14/01/2009) 04 08 15 20 23 25 32 54 58 68 73 74 81 82 91 92 96 97 99 100
0898 (17/01/2009) 03 16 18 19 29 30 34 47 56 60 63 64 65 74 77 81 83 85 94 95
0899 (21/01/2009) 01 02 06 08 11 14 19 21 22 23 29 40 49 57 68 76 82 86 88 89
0900 (24/01/2009) 06 07 13 15 18 19 31 38 53 60 61 65 78 81 85 87 93 95 97 99
0901 (28/01/2009) 08 09 12 13 16 21 24 28 31 38 40 43 45 46 51 52 55 56 87 93
0902 (31/01/2009) 03 05 07 10 12 15 19 21 26 28 39 43 49 69 73 75 78 82 93 99
0903 (04/02/2009) 05 07 09 12 22 25 32 37 48 51 61 62 66 69 73 77 87 92 96 99
0904 (07/02/2009) 04 18 19 20 22 27 29 31 38 43 44 48 62 64 65 67 70 85 90 100
0905 (11/02/2009) 01 03 04 07 08 11 27 33 35 36 44 49 55 60 68 70 78 83 93 94
0906 (14/02/2009) 06 07 13 16 18 30 37 40 44 51 53 59 62 67 77 82 88 92 96 99
0907 (18/02/2009) 05 07 08 17 35 39 47 51 67 69 71 72 77 80 81 85 94 95 98 100
0908 (21/02/2009) 19 21 24 30 33 34 38 44 48 49 58 60 63 67 70 75 76 81 82 89
0909 (25/02/2009) 04 07 09 10 13 15 18 31 34 36 38 44 47 48 53 78 83 92 93 99
0910 (28/02/2009) 04 05 07 11 13 14 16 20 21 28 36 37 42 43 46 58 59 65 68 83
0911 (04/03/2009) 12 14 20 24 31 37 45 46 48 52 53 62 64 74 76 79 80 83 86 100
0912 (07/03/2009) 01 12 28 44 45 49 54 55 58 62 66 67 69 70 71 79 91 97 98 100
0913 (11/03/2009) 02 06 08 10 13 14 18 29 30 36 41 48 53 56 57 65 82 83 88 90
0914 (14/03/2009) 01 02 09 11 15 16 27 32 39 52 57 59 63 64 69 73 75 76 78 93
0915 (18/03/2009) 02 11 13 16 17 19 26 28 30 38 41 44 50 58 64 69 78 86 90 95
0916 (21/03/2009) 03 07 17 22 23 27 30 31 39 44 46 56 58 72 75 76 81 82 83 84
0917 (25/03/2009) 03 10 21 28 34 35 43 44 53 55 62 72 73 78 80 84 85 87 91 96
0918 (28/03/2009) 08 09 13 18 30 31 33 41 48 50 51 61 74 76 84 85 87 89 94 97
0919 (01/04/2009) 05 08 25 29 33 41 46 48 51 54 65 69 72 77 79 82 83 90 99 100
0920 (04/04/2009) 10 11 15 18 31 33 34 39 42 47 51 54 56 57 77 79 81 90 92 99
0921 (08/04/2009) 02 04 12 17 20 22 26 30 36 44 49 51 55 56 66 80 91 93 95 99
0922 (11/04/2009) 02 04 11 18 30 35 51 56 58 59 62 69 74 76 78 80 81 82 85 90
0923 (15/04/2009) 01 21 22 29 30 46 47 51 52 65 66 69 74 81 84 85 89 90 93 100
0924 (18/04/2009) 01 03 10 12 18 24 26 27 28 37 38 41 43 52 65 66 74 93 97 100
0925 (22/04/2009) 02 12 17 20 23 24 31 34 40 52 53 55 70 73 77 80 81 87 89 98
0926 (25/04/2009) 03 04 07 08 15 18 19 20 22 29 38 49 51 64 71 79 80 82 88 99
0927 (29/04/2009) 02 04 05 19 21 22 24 26 30 33 60 63 69 70 80 82 84 87 92 94
0928 (02/05/2009) 12 15 17 22 31 32 35 43 44 59 61 73 75 76 78 81 83 86 87 91
0929 (06/05/2009) 03 04 12 13 15 19 30 35 42 53 61 62 63 69 71 73 77 88 90 92
0930 (09/05/2009) 03 04 05 21 26 28 40 43 45 48 54 56 62 66 69 81 82 84 95 96
0931 (13/05/2009) 01 02 03 06 08 10 12 13 27 36 39 43 45 49 65 72 73 74 87 90
0932 (16/05/2009) 12 19 22 25 28 38 41 47 49 52 57 61 66 67 69 74 87 89 90 95
0933 (20/05/2009) 12 18 19 20 23 26 27 29 35 37 54 58 59 74 80 83 85 89 96 98
0934 (23/05/2009) 12 14 20 21 23 37 44 48 55 58 67 73 74 76 85 87 90 96 98 100
0935 (27/05/2009) 06 13 17 21 34 36 38 42 44 47 50 62 67 73 74 75 80 85 91 97
0936 (30/05/2009) 21 26 29 34 37 50 53 56 58 60 67 68 72 77 79 81 83 92 99 100
0937 (03/06/2009) 01 03 05 07 16 23 30 34 37 40 45 46 47 49 61 63 68 87 89 90
0938 (06/06/2009) 04 05 09 11 12 33 35 36 38 51 55 56 58 69 76 87 94 95 96 98
0939 (10/06/2009) 01 04 06 11 16 33 35 38 40 42 43 44 46 47 48 59 66 76 82 100
0940 (13/06/2009) 02 19 20 23 24 25 33 35 36 38 49 59 65 66 73 75 77 78 87 97
0941 (17/06/2009) 04 07 16 21 22 26 29 32 35 41 43 55 65 66 67 70 77 78 80 89
0942 (20/06/2009) 03 05 06 09 10 13 24 27 29 34 36 41 63 64 74 76 81 90 96 100
0943 (24/06/2009) 03 13 14 19 21 32 39 41 42 45 60 62 63 66 69 70 79 82 85 87
0944 (27/06/2009) 02 05 06 09 11 17 18 25 26 28 33 37 44 52 55 56 65 71 76 86
0945 (01/07/2009) 03 07 18 21 26 31 32 36 41 54 55 57 60 64 66 67 74 80 94 98
0946 (04/07/2009) 03 04 06 08 20 21 24 25 26 31 36 43 52 64 74 75 79 91 98 100
0947 (08/07/2009) 01 04 07 08 10 18 23 25 29 30 35 37 46 54 69 72 77 81 83 93
0948 (11/07/2009) 01 03 06 08 09 21 30 34 41 44 46 68 74 79 80 82 88 90 94 95
0949 (15/07/2009) 04 05 09 28 29 34 36 43 50 57 60 61 63 66 68 76 77 87 94 96
0950 (18/07/2009) 01 03 08 21 22 45 50 53 58 59 63 68 69 76 77 80 85 87 90 100
0951 (22/07/2009) 02 03 04 05 11 16 19 21 42 43 49 55 56 73 80 90 91 94 99 100
0952 (25/07/2009) 08 11 13 18 28 38 41 43 46 52 55 62 68 70 75 76 85 88 92 95
0953 (29/07/2009) 13 18 20 28 30 32 37 44 62 63 67 69 70 74 79 86 89 91 96 97
0954 (01/08/2009) 08 09 12 16 23 24 25 29 31 41 43 49 57 58 64 71 73 78 87 100
0955 (05/08/2009) 10 16 22 26 29 32 36 39 41 44 45 54 56 57 60 65 70 74 85 92
0956 (08/08/2009) 01 04 05 12 16 23 24 42 46 60 62 64 66 69 81 84 90 95 97 100
0957 (12/08/2009) 02 07 13 17 23 27 43 54 60 61 63 68 69 74 75 76 81 89 95 99
0958 (15/08/2009) 15 19 23 31 32 34 37 38 40 45 48 49 50 64 70 71 90 91 92 93
0959 (19/08/2009) 07 09 10 11 16 19 21 27 52 54 60 62 74 78 80 86 87 92 93 97
0960 (22/08/2009) 01 02 05 06 19 27 38 42 52 54 56 65 70 74 82 83 86 90 92 93
0961 (26/08/2009) 01 03 06 08 18 36 37 43 46 51 58 59 72 73 74 75 79 82 94 97
0962 (29/08/2009) 01 02 11 15 20 21 26 36 47 49 51 67 73 74 82 88 91 95 96 99
0963 (02/09/2009) 01 04 06 09 11 14 27 28 30 33 37 54 64 65 72 77 78 82 91 95
0964 (05/09/2009) 07 10 20 23 24 25 28 36 42 49 51 71 72 80 81 82 89 92 95 98
0965 (09/09/2009) 04 13 14 19 23 29 30 38 39 40 42 64 74 78 79 80 81 82 92 98
0966 (12/09/2009) 01 06 12 13 17 35 40 43 46 50 53 56 59 60 67 68 72 90 91 98
0967 (16/09/2009) 01 14 20 21 24 28 30 36 42 46 55 56 63 64 76 79 80 92 95 99
0968 (19/09/2009) 01 03 07 08 16 19 23 25 41 45 48 49 61 68 70 74 78 81 91 97
0969 (23/09/2009) 05 13 20 25 29 35 36 41 47 51 56 57 60 72 73 74 82 85 91 99
0970 (26/09/2009) 02 06 07 08 09 14 17 21 26 32 37 39 46 48 57 68 77 80 88 92
0971 (30/09/2009) 05 08 10 11 22 23 26 27 32 44 54 59 61 63 64 67 70 79 84 94
0972 (03/10/2009) 01 03 08 17 20 23 24 32 34 50 53 55 58 62 77 84 85 92 94 100
0973 (07/10/2009) 06 09 19 28 30 32 38 42 55 65 72 80 82 86 87 88 91 92 95 98
0974 (10/10/2009) 01 10 17 23 24 25 26 27 29 36 45 49 55 56 61 66 78 80 87 96
0975 (14/10/2009) 02 03 05 08 11 14 18 30 35 42 45 46 48 49 78 83 89 92 93 100
0976 (17/10/2009) 01 09 22 23 26 40 41 45 47 49 53 59 64 65 70 79 88 92 93 98
0977 (21/10/2009) 04 07 11 14 15 21 22 24 25 28 40 44 47 49 65 74 77 82 85 94
0978 (24/10/2009) 06 19 21 23 27 40 41 48 49 51 58 60 70 74 77 78 81 82 89 93
0979 (28/10/2009) 08 09 15 16 17 42 47 48 52 54 59 71 73 77 84 87 94 95 96 100
0980 (31/10/2009) 12 14 16 19 21 23 24 26 45 46 48 52 61 66 75 80 83 85 97 99
0981 (04/11/2009) 01 02 03 15 28 31 39 40 41 51 56 69 77 78 85 88 89 90 97 100
0982 (07/11/2009) 02 03 10 13 16 18 26 28 32 38 40 42 44 46 48 66 73 75 77 83
0983 (11/11/2009) 02 03 10 15 17 19 24 27 33 41 54 55 58 60 69 72 78 87 91 93
0984 (14/11/2009) 05 06 09 13 14 18 24 30 38 43 45 52 53 56 62 75 80 86 98 100
0985 (18/11/2009) 01 07 12 15 38 43 50 57 67 72 76 80 88 89 90 92 93 95 97 100
0986 (21/11/2009) 16 18 21 23 26 31 34 38 41 43 49 52 57 62 63 68 83 88 91 92
0987 (25/11/2009) 11 15 20 21 32 36 38 39 40 52 60 64 66 68 77 80 87 88 90 98
0988 (28/11/2009) 02 05 06 11 15 21 30 44 49 50 51 54 64 67 70 73 85 89 92 99
0989 (02/12/2009) 09 10 32 39 44 47 48 54 63 66 71 72 76 80 87 89 91 95 96 100
0990 (05/12/2009) 06 07 14 25 27 30 31 43 46 48 56 64 65 70 73 81 83 88 89 99
0991 (09/12/2009) 06 08 10 16 18 22 26 28 47 48 58 61 65 66 67 68 72 78 92 97
0992 (12/12/2009) 06 08 15 18 24 27 36 40 46 52 55 63 74 76 80 81 86 87 90 97
0993 (16/12/2009) 04 08 09 16 22 38 42 43 46 49 50 57 58 59 64 69 70 75 84 100
0994 (19/12/2009) 04 07 15 18 19 20 31 36 41 42 46 60 63 77 83 84 95 98 99 100
0995 (23/12/2009) 03 13 17 19 33 36 37 43 47 66 70 72 75 76 78 80 87 91 99 100
0996 (26/12/2009) 01 02 03 04 10 23 29 38 50 51 54 59 60 61 71 72 74 83 90 91
0997 (30/12/2009) 03 04 08 29 33 36 38 41 48 50 57 59 60 66 82 86 87 88 90 100
0998 (02/01/2010) 01 05 18 21 22 30 34 35 39 43 47 51 54 56 57 80 88 89 92 99
0999 (06/01/2010) 01 03 04 09 10 13 18 20 25 30 39 60 62 66 68 77 78 83 89 99
1000 (09/01/2010) 03 12 15 25 26 30 34 37 38 40 41 43 49 50 53 62 63 64 70 95
1001 (13/01/2010) 03 08 11 16 19 23 25 34 35 36 37 42 47 58 64 67 68 88 92 97
1002 (16/01/2010) 03 09 10 15 16 17 22 27 30 40 42 44 49 62 67 73 74 83 90 97
1003 (20/01/2010) 07 11 12 16 19 28 31 39 49 55 61 67 72 75 81 87 88 90 93 98
1004 (23/01/2010) 03 09 10 29 30 34 37 42 48 50 54 56 63 64 69 78 81 97 98 100
1005 (27/01/2010) 03 05 08 15 17 29 33 34 36 47 59 65 68 72 77 78 87 90 93 97
1006 (30/01/2010) 01 14 19 25 29 32 38 55 56 65 69 77 78 81 90 91 92 94 97 99
1007 (03/02/2010) 02 04 08 15 16 20 24 33 37 53 55 58 70 72 74 79 81 87 88 99
1008 (06/02/2010) 03 06 07 10 20 34 36 39 40 50 51 65 70 72 73 77 83 84 87 99
1009 (10/02/2010) 10 11 14 33 36 37 38 40 50 52 54 56 65 66 67 70 78 86 89 98
1010 (13/02/2010) 02 17 18 19 21 22 26 29 42 44 51 52 60 69 71 72 73 78 94 99
1011 (17/02/2010) 02 03 04 12 15 16 17 21 25 30 47 50 54 55 60 71 78 90 92 93
1012 (20/02/2010) 04 07 09 11 13 42 44 45 50 53 59 65 67 70 74 81 89 90 97 100
1013 (24/02/2010) 03 08 11 22 26 30 47 48 55 59 60 63 69 72 80 84 87 88 99 100
1014 (27/02/2010) 01 05 09 11 12 17 18 27 32 33 37 38 39 58 60 61 72 75 91 96
1015 (03/03/2010) 02 08 11 17 20 24 31 35 42 46 52 58 66 72 73 81 92 93 96 100
1016 (06/03/2010) 01 04 05 06 08 11 20 23 29 36 49 50 57 62 70 76 77 86 87 90
1017 (10/03/2010) 04 07 11 12 16 17 19 35 37 41 42 44 45 50 66 76 83 86 91 93
1018 (13/03/2010) 02 08 12 15 26 28 31 32 39 40 49 50 61 65 73 79 80 82 86 100
1019 (17/03/2010) 01 08 09 21 25 27 34 35 44 48 50 53 55 59 69 75 85 86 99 100
1020 (20/03/2010) 02 09 13 19 20 23 30 31 34 37 44 47 50 51 57 59 79 88 93 98
1021 (24/03/2010) 01 02 08 19 23 25 26 27 33 40 41 42 45 50 52 69 74 85 89 96
1022 (27/03/2010) 03 06 13 15 28 29 31 41 42 46 48 53 55 60 62 74 78 79 80 89
1023 (31/03/2010) 06 13 18 19 25 32 39 48 49 59 69 70 73 75 76 79 80 90 93 95
1024 (03/04/2010) 04 06 13 16 20 21 26 38 40 41 45 49 51 55 69 74 91 97 98 99
1025 (07/04/2010) 06 16 21 27 30 32 36 38 40 43 49 54 68 71 77 82 85 87 90 92
1026 (10/04/2010) 02 09 10 11 25 26 32 43 44 45 47 51 53 56 64 69 77 78 80 93
1027 (14/04/2010) 05 07 10 11 15 21 24 30 31 38 44 47 48 56 68 73 74 78 91 95
1028 (17/04/2010) 01 06 08 15 19 20 29 35 40 44 56 62 66 72 74 75 76 81 82 95
1029 (22/04/2010) 03 05 06 14 16 21 27 29 34 44 48 59 74 76 81 85 93 94 95 98
1030 (24/04/2010) 02 13 17 39 45 47 49 53 60 63 64 74 78 83 86 89 90 91 92 100
1031 (28/04/2010) 09 15 19 22 25 27 32 37 40 41 44 45 65 74 82 83 87 88 91 100
1032 (30/04/2010) 02 07 09 11 12 17 21 22 31 55 64 73 77 79 84 87 94 97 99 100
1033 (05/05/2010) 01 04 08 09 10 20 33 36 38 41 51 54 55 57 61 67 71 87 89 94
1034 (08/05/2010) 03 04 08 09 12 24 29 34 36 43 54 58 60 61 64 79 80 87 90 100
1035 (12/05/2010) 03 05 08 14 26 29 30 35 39 46 47 66 69 71 73 81 82 85 92 100
1036 (15/05/2010) 01 06 12 18 20 34 36 37 40 42 49 60 62 63 69 71 78 80 86 93
1037 (19/05/2010) 05 07 10 13 21 26 29 32 41 46 47 49 50 59 62 69 72 75 94 96
1038 (22/05/2010) 03 06 07 10 17 18 21 22 23 35 36 39 57 64 67 82 84 85 98 100
1039 (26/05/2010) 02 06 10 12 17 22 23 26 31 36 38 48 54 60 73 79 81 82 86 95
1040 (29/05/2010) 05 07 09 15 17 22 26 37 44 46 61 68 70 71 72 74 79 83 86 95
1041 (02/06/2010) 04 11 19 22 25 29 38 40 42 44 52 53 55 59 79 81 84 90 93 95
1042 (05/06/2010) 05 10 11 12 14 15 20 25 34 35 42 45 48 60 64 65 73 86 89 92
1043 (09/06/2010) 03 04 11 16 17 28 31 38 41 44 48 49 55 59 72 90 91 94 96 100
1044 (12/06/2010) 06 07 11 22 23 25 29 31 37 41 44 46 49 55 61 77 80 81 82 98
1045 (16/06/2010) 08 11 14 20 25 27 28 32 37 44 47 48 58 76 79 80 90 95 97 99
1046 (19/06/2010) 13 17 23 30 31 34 36 37 38 47 53 58 60 63 70 76 77 88 89 93
1047 (23/06/2010) 15 27 29 31 32 34 38 40 41 50 53 55 69 73 76 88 90 91 96 97
1048 (26/06/2010) 03 11 16 26 34 37 41 42 45 47 51 52 56 63 76 78 86 89 95 99
1049 (30/06/2010) 03 07 13 14 18 22 31 41 42 48 51 58 67 70 76 80 85 89 95 100
1050 (03/07/2010) 01 02 03 04 06 17 19 28 33 43 47 53 54 69 71 78 84 86 89 97
1051 (07/07/2010) 22 37 43 44 48 54 55 61 67 68 72 79 84 87 91 93 97 98 99 100
1052 (10/07/2010) 02 03 06 16 23 29 34 35 39 40 53 57 60 66 68 79 90 92 97 100
1053 (14/07/2010) 01 02 03 06 07 09 13 23 26 29 34 43 55 60 66 68 81 86 87 97
1054 (17/07/2010) 04 05 10 14 17 18 21 24 34 40 41 45 47 49 57 77 79 87 98 99
1055 (21/07/2010) 03 05 07 13 14 16 23 28 36 38 58 63 70 72 85 86 87 96 97 98
1056 (24/07/2010) 01 02 06 08 13 19 23 26 30 31 36 46 66 67 71 84 86 89 95 98
1057 (28/07/2010) 12 21 23 34 35 37 38 41 44 57 62 65 68 81 83 84 86 90 93 96
1058 (31/07/2010) 05 08 12 27 28 34 38 43 45 47 51 53 54 55 58 66 79 86 98 99
1059 (04/08/2010) 04 05 15 30 38 39 41 48 52 53 57 58 63 65 78 85 88 92 95 97
1060 (07/08/2010) 02 03 13 19 26 29 30 32 37 39 41 42 67 69 70 74 78 81 82 95
1061 (11/08/2010) 02 07 16 20 25 26 30 39 43 48 51 53 65 70 71 72 82 90 91 94
1062 (14/08/2010) 03 04 08 12 17 19 20 29 30 38 47 48 53 64 73 75 76 88 95 99
1063 (18/08/2010) 02 06 11 21 31 35 36 37 48 53 54 64 65 73 74 85 86 87 91 97
1064 (21/08/2010) 01 02 08 09 15 32 46 48 50 53 55 56 66 68 79 85 87 91 92 93
1065 (25/08/2010) 07 18 19 21 23 24 31 33 42 45 47 53 58 76 78 81 84 85 89 96
1066 (28/08/2010) 03 19 34 39 43 44 48 59 61 63 64 70 73 74 77 79 85 89 91 95
1067 (01/09/2010) 06 09 11 12 15 43 45 46 55 57 58 60 67 75 79 80 86 87 93 100
1068 (04/09/2010) 02 09 24 28 32 34 36 44 51 52 55 60 67 72 75 84 85 86 97 100
1069 (08/09/2010) 10 13 14 17 19 28 33 34 41 42 51 58 70 75 77 78 86 91 92 93
1070 (11/09/2010) 05 07 10 12 15 30 39 42 51 54 61 62 71 73 76 83 84 88 96 98
1071 (15/09/2010) 01 17 22 23 30 42 45 46 50 61 62 63 72 74 79 81 83 84 97 98
1072 (18/09/2010) 07 10 15 18 21 39 41 42 43 46 49 55 64 67 68 75 81 84 86 92
1073 (22/09/2010) 07 12 13 14 21 24 27 29 32 35 49 53 54 58 64 67 70 73 86 100
1074 (25/09/2010) 04 07 10 12 17 27 28 32 40 41 44 47 49 58 59 66 69 75 89 92
1075 (29/09/2010) 03 07 10 13 15 25 27 35 38 50 57 62 63 68 70 71 75 80 83 98
1076 (02/10/2010) 04 07 19 27 33 35 38 40 48 53 65 74 75 82 83 84 86 88 95 100
1077 (06/10/2010) 02 06 11 15 17 33 38 40 47 52 63 70 71 75 76 77 81 88 92 98
1078 (09/10/2010) 05 06 10 15 16 18 20 23 37 41 44 48 50 52 54 56 67 68 71 74
1079 (13/10/2010) 01 04 09 12 13 28 32 42 44 54 69 75 77 78 79 83 84 92 93 94
1080 (16/10/2010) 04 15 34 37 41 49 51 61 63 67 68 69 70 71 72 81 84 86 97 99
1081 (20/10/2010) 11 19 23 24 25 29 31 35 36 39 42 45 47 54 58 62 73 74 89 98
1082 (23/10/2010) 01 03 09 21 25 29 39 48 51 60 66 67 68 76 78 81 84 94 96 99
1083 (27/10/2010) 02 13 21 22 25 39 40 48 49 54 61 63 64 67 72 80 84 85 92 100
1084 (30/10/2010) 11 26 35 38 42 45 46 52 53 56 57 59 64 72 75 77 81 85 91 93
1085 (03/11/2010) 07 09 11 17 27 33 34 38 42 44 56 61 63 64 82 83 86 92 93 96
1086 (06/11/2010) 03 15 16 19 20 25 27 38 44 57 58 66 69 72 74 78 83 96 98 99
1087 (10/11/2010) 05 07 16 19 26 30 40 41 45 46 52 55 57 62 72 76 87 89 90 91
1088 (13/11/2010) 01 07 19 21 29 35 38 40 42 43 47 56 57 58 61 80 84 92 95 100
1089 (17/11/2010) 04 07 22 28 34 35 38 43 49 55 61 64 74 76 83 84 85 89 93 99
1090 (20/11/2010) 01 03 08 09 16 19 28 35 47 50 51 59 61 63 68 82 89 92 94 100
1091 (24/11/2010) 27 28 42 44 53 54 57 59 61 63 65 74 78 79 80 83 86 87 95 96
1092 (27/11/2010) 02 05 06 14 22 27 29 46 47 48 49 52 54 55 58 68 75 79 87 90
1093 (01/12/2010) 01 02 08 21 25 39 43 44 60 63 69 73 77 78 82 83 87 93 98 99
1094 (04/12/2010) 05 15 20 23 25 29 45 49 50 57 64 65 67 73 77 78 79 84 85 88
1095 (08/12/2010) 09 13 21 23 26 32 34 35 44 50 51 56 64 66 73 75 81 86 89 92
1096 (11/12/2010) 04 05 06 08 09 10 12 27 40 46 48 50 58 65 66 76 86 90 99 100
1097 (15/12/2010) 01 09 10 13 20 21 37 39 40 41 44 51 61 65 78 79 89 91 92 97
1098 (18/12/2010) 01 04 06 10 17 29 32 37 42 45 46 53 67 68 71 82 87 91 94 95
1099 (22/12/2010) 02 04 07 10 13 14 16 17 23 33 37 38 48 54 59 64 73 79 81 100
1100 (24/12/2010) 03 07 13 15 26 28 31 32 33 36 37 44 52 60 68 70 73 76 96 98
1101 (29/12/2010) 10 21 22 23 26 27 31 33 46 47 48 56 57 64 70 73 84 87 94 98
1102 (31/12/2010) 01 12 14 15 21 25 30 33 40 51 56 57 60 64 70 75 80 82 89 99
1103 (05/01/2011) 03 08 10 12 17 26 47 54 64 67 69 72 73 82 83 84 89 93 97 98
1104 (08/01/2011) 01 04 15 17 35 36 45 48 51 53 54 56 58 64 76 77 81 82 84 94
1105 (12/01/2011) 03 13 14 22 27 37 40 41 50 56 61 62 80 83 84 88 92 95 97 99
1106 (15/01/2011) 08 13 22 26 33 35 43 46 47 48 49 50 54 63 64 65 70 85 86 99
1107 (19/01/2011) 06 14 16 24 29 30 36 38 42 43 55 58 63 66 73 82 85 88 89 95
1108 (22/01/2011) 04 05 08 12 31 38 39 41 45 48 52 53 55 59 69 74 83 85 95 96
1109 (26/01/2011) 07 17 23 24 32 33 38 43 44 45 47 53 68 69 77 78 81 90 91 100
1110 (29/01/2011) 02 04 06 07 08 09 12 14 35 49 57 68 69 70 72 76 82 84 85 93
1111 (02/02/2011) 07 11 13 17 20 27 34 39 44 45 53 58 59 74 75 80 83 88 94 99
1112 (05/02/2011) 01 03 05 19 24 25 28 33 41 47 54 56 70 75 78 87 91 92 95 96
1113 (09/02/2011) 02 07 09 12 22 24 29 30 33 36 37 46 60 62 63 71 75 80 89 90
1114 (12/02/2011) 01 15 16 19 24 27 33 40 41 43 53 67 71 74 75 76 77 79 81 83
1115 (16/02/2011) 07 14 20 29 30 31 45 50 55 61 66 67 69 71 72 75 76 80 88 100
1116 (19/02/2011) 03 07 08 11 18 29 31 48 52 54 59 63 70 72 76 77 80 81 87 100
1117 (23/02/2011) 10 15 23 35 36 40 41 48 55 62 66 69 71 80 82 87 91 95 96 97
1118 (26/02/2011) 08 11 14 17 19 20 24 35 37 42 44 50 54 58 64 69 74 76 78 100
1119 (02/03/2011) 03 10 15 18 28 32 36 45 46 48 50 55 60 63 65 74 82 91 96 98
1120 (05/03/2011) 03 07 12 17 20 25 32 40 43 44 48 56 65 73 78 84 86 87 94 99
1121 (09/03/2011) 01 02 06 07 15 29 35 37 38 43 46 52 53 54 55 57 60 66 90 95
1122 (12/03/2011) 02 03 09 11 13 14 17 23 28 32 45 48 54 57 58 68 70 71 79 100
1123 (16/03/2011) 07 10 16 23 25 26 33 37 38 40 41 45 51 53 61 68 69 79 84 100
1124 (19/03/2011) 08 09 13 15 20 29 30 32 36 38 41 44 53 56 62 65 68 78 93 96
1125 (23/03/2011) 03 05 07 12 14 15 22 31 40 53 54 57 60 62 63 70 82 84 92 96
1126 (26/03/2011) 01 10 11 16 17 19 20 26 29 36 47 64 66 72 73 75 79 85 93 94
1127 (30/03/2011) 01 13 14 15 20 25 31 39 44 46 57 58 64 67 72 75 84 85 90 100
1128 (02/04/2011) 03 08 16 19 27 29 35 44 46 48 52 55 59 61 64 72 73 76 84 88
1129 (06/04/2011) 01 03 07 15 18 20 21 28 43 48 53 55 58 62 68 85 87 89 97 98
1130 (09/04/2011) 05 14 17 18 22 23 34 39 44 50 60 65 66 76 79 81 86 93 94 98
1131 (13/04/2011) 02 13 19 28 31 34 39 41 44 54 55 57 64 66 70 81 82 86 90 95
1132 (16/04/2011) 03 05 08 12 13 20 21 22 29 36 40 44 53 57 60 65 72 75 78 88
1133 (20/04/2011) 01 06 17 24 28 29 36 52 56 57 59 61 67 70 80 86 89 95 99 100
1134 (23/04/2011) 01 05 09 17 22 23 24 34 41 42 46 49 52 55 58 60 75 79 84 89
1135 (27/04/2011) 01 16 17 19 29 30 35 36 38 42 43 45 47 52 58 68 74 81 93 97
1136 (30/04/2011) 02 09 14 15 18 21 32 40 44 48 57 62 63 71 81 88 90 92 94 96
1137 (04/05/2011) 13 17 19 20 27 31 42 46 49 50 53 54 67 74 76 81 85 88 91 94
1138 (07/05/2011) 01 12 17 20 21 22 25 28 31 39 47 57 65 72 73 78 79 86 88 98
1139 (11/05/2011) 01 05 07 09 12 15 18 20 27 32 44 50 51 66 67 77 80 87 97 99
1140 (14/05/2011) 10 16 20 24 26 29 35 38 47 48 53 59 62 69 71 74 89 94 97 99
1141 (18/05/2011) 02 11 15 18 20 22 26 28 38 44 45 49 64 72 74 82 83 84 86 87
1142 (21/05/2011) 01 09 15 23 31 37 44 45 49 50 51 63 70 71 75 79 83 86 91 94
1143 (25/05/2011) 08 10 15 20 23 26 33 34 35 36 40 43 49 51 60 63 81 87 91 97
1144 (28/05/2011) 03 13 18 24 26 28 40 43 45 49 58 64 73 77 78 79 82 88 97 99
1145 (01/06/2011) 07 13 14 15 24 28 30 35 36 40 41 45 50 57 58 71 75 82 91 95
1146 (04/06/2011) 04 13 20 27 33 37 39 40 42 51 57 64 66 73 75 80 85 90 96 99
1147 (08/06/2011) 06 08 19 37 38 39 47 48 55 58 72 74 78 79 84 86 88 90 96 97
1148 (11/06/2011) 01 04 05 26 30 35 50 51 63 67 68 71 76 81 83 85 87 92 99 100
1149 (15/06/2011) 02 09 14 15 16 19 25 26 27 29 42 46 49 51 53 77 80 84 86 88
1150 (18/06/2011) 02 13 21 31 36 39 40 41 42 43 55 57 63 70 71 83 89 91 93 100
1151 (22/06/2011) 02 16 22 24 26 30 32 36 50 53 58 65 66 68 77 78 87 91 92 93
1152 (25/06/2011) 01 03 08 16 17 19 20 21 25 33 34 39 40 47 52 71 79 87 88 99
1153 (29/06/2011) 04 12 14 27 38 40 42 45 46 70 71 72 79 84 86 87 92 96 97 98
1154 (02/07/2011) 04 07 09 11 29 31 32 35 37 47 48 61 73 80 81 88 89 91 94 100
1155 (06/07/2011) 11 13 15 26 29 30 36 47 49 52 53 57 61 65 66 78 85 86 89 97
1156 (09/07/2011) 05 06 08 09 21 23 27 28 29 32 41 45 46 50 56 65 77 81 83 85
1157 (13/07/2011) 01 04 05 08 09 17 29 38 43 50 51 60 67 69 82 84 85 86 87 98
1158 (16/07/2011) 01 12 13 30 32 36 42 45 47 49 54 56 60 61 75 87 91 92 97 100
1159 (20/07/2011) 03 10 11 15 17 20 24 34 38 39 40 46 53 59 63 73 86 89 93 98
1160 (23/07/2011) 01 07 08 12 19 24 27 33 35 37 38 42 43 51 55 57 69 70 75 83
1161 (27/07/2011) 26 27 39 42 45 50 54 55 63 67 73 78 79 87 90 91 95 96 99 100
1162 (30/07/2011) 04 06 10 12 14 16 22 24 29 33 35 37 38 50 56 58 65 82 83 97
1163 (03/08/2011) 04 08 09 12 19 23 25 29 30 31 33 42 54 66 69 70 74 79 82 89
1164 (06/08/2011) 02 20 23 25 27 31 32 34 38 39 46 51 54 55 56 64 78 89 92 94
1165 (10/08/2011) 05 12 21 24 28 32 33 42 43 48 49 57 59 60 62 64 68 79 89 92
1166 (13/08/2011) 02 06 11 18 20 29 30 44 45 48 54 58 59 66 68 78 88 94 97 98
1167 (17/08/2011) 02 04 15 22 36 38 40 41 43 50 54 55 63 72 73 85 86 92 99 100
1168 (20/08/2011) 06 12 14 29 39 49 53 57 58 63 65 67 82 85 90 91 93 95 96 97
