0001 (29/09/2003) 02 03 05 06 09 10 11 13 14 16 18 20 23 24 25
0002 (06/10/2003) 01 04 05 06 07 09 11 12 13 15 16 19 20 23 24
0003 (13/10/2003) 01 04 06 07 08 09 10 11 12 14 16 17 20 23 24
0004 (20/10/2003) 01 02 04 05 08 10 12 13 16 17 18 19 23 24 25
0005 (27/10/2003) 01 02 04 08 09 11 12 13 15 16 19 20 23 24 25
0006 (03/11/2003) 01 02 04 05 06 07 10 12 15 16 17 19 21 23 25
0007 (10/11/2003) 01 04 07 08 10 12 14 15 16 18 19 21 22 23 25
0008 (17/11/2003) 01 05 06 08 09 10 13 15 16 17 18 19 20 22 25
0009 (24/11/2003) 03 04 05 09 10 11 13 15 16 17 19 20 21 24 25
0010 (01/12/2003) 02 03 04 05 06 08 09 10 11 12 14 19 20 23 24
0011 (08/12/2003) 02 06 07 08 09 10 11 12 16 19 20 22 23 24 25
0012 (15/12/2003) 01 02 04 05 07 08 09 10 11 12 14 16 17 24 25
0013 (22/12/2003) 03 05 06 07 08 09 10 11 13 14 15 16 17 19 23
0014 (29/12/2003) 01 02 05 06 07 09 13 14 15 18 19 20 21 23 25
0015 (05/01/2004) 01 02 04 06 08 10 12 15 16 18 19 21 23 24 25
0016 (12/01/2004) 02 05 06 07 08 10 12 13 15 17 19 21 23 24 25
0017 (19/01/2004) 01 02 03 05 06 07 09 13 14 16 17 18 19 20 21
0018 (26/01/2004) 02 06 07 08 10 11 14 15 17 18 19 20 22 23 24
0019 (02/02/2004) 02 05 06 07 08 10 11 13 14 15 16 17 20 23 24
0020 (09/02/2004) 03 04 06 07 08 09 10 14 16 17 18 19 20 23 24
0021 (16/02/2004) 01 02 04 05 08 11 14 16 18 19 20 22 23 24 25
0022 (25/02/2004) 01 02 03 04 05 06 07 09 10 12 13 14 15 22 25
0023 (01/03/2004) 01 03 04 05 06 08 10 11 12 14 16 17 18 19 20
0024 (08/03/2004) 01 02 03 05 07 10 11 14 17 19 20 21 23 24 25
0025 (15/03/2004) 01 02 03 04 05 06 07 09 13 14 16 20 22 23 24
0026 (22/03/2004) 05 07 08 09 10 11 13 14 16 17 19 20 21 22 23
0027 (29/03/2004) 03 06 08 10 11 12 13 14 15 18 20 21 22 24 25
0028 (05/04/2004) 01 03 07 09 10 11 12 13 14 16 17 18 19 20 21
0029 (12/04/2004) 01 04 05 06 08 09 13 14 16 17 19 20 21 22 24
0030 (19/04/2004) 01 02 03 04 06 07 08 11 14 17 19 20 21 22 23
0031 (26/04/2004) 01 02 03 04 09 13 14 15 17 19 20 21 22 24 25
0032 (03/05/2004) 01 02 04 06 07 09 10 11 14 15 16 17 20 22 23
0033 (10/05/2004) 01 02 05 07 08 10 11 12 14 16 19 20 21 23 24
0034 (17/05/2004) 01 02 04 07 08 09 10 11 15 16 18 19 20 21 23
0035 (24/05/2004) 01 04 05 06 11 12 13 14 16 17 19 21 22 23 25
0036 (31/05/2004) 01 04 05 07 08 10 11 14 17 19 20 21 22 23 24
0037 (07/06/2004) 01 03 04 05 08 09 10 11 13 15 20 21 22 23 24
0038 (14/06/2004) 01 02 03 06 07 08 09 10 13 14 15 16 22 24 25
0039 (21/06/2004) 02 07 08 09 11 13 14 15 17 18 19 21 22 23 24
0040 (28/06/2004) 01 02 05 07 08 10 12 13 14 16 17 20 21 22 24
0041 (05/07/2004) 02 03 04 09 12 13 15 16 17 18 19 20 21 23 25
0042 (12/07/2004) 01 03 04 05 06 08 11 12 14 15 17 21 22 24 25
0043 (19/07/2004) 01 03 06 07 08 09 10 14 17 18 19 20 22 23 24
0044 (26/07/2004) 03 04 05 06 10 11 12 13 14 18 19 21 23 24 25
0045 (02/08/2004) 01 02 03 05 07 09 14 16 17 18 19 21 23 24 25
0046 (09/08/2004) 01 02 04 05 06 08 10 11 14 18 19 21 23 24 25
0047 (16/08/2004) 01 02 03 04 05 06 08 10 11 13 15 18 20 22 25
0048 (23/08/2004) 02 05 06 07 11 13 15 16 17 18 19 20 21 22 23
0049 (30/08/2004) 02 04 05 06 08 11 13 15 16 19 20 21 22 23 24
0050 (06/09/2004) 01 02 03 06 07 09 10 11 12 13 19 20 21 23 25
0051 (13/09/2004) 01 03 05 06 07 08 11 13 14 16 17 20 21 22 23
0052 (20/09/2004) 01 02 04 08 09 11 12 13 15 16 21 22 23 24 25
0053 (27/09/2004) 01 02 03 06 07 09 11 12 14 17 18 19 20 23 24
0054 (04/10/2004) 02 04 05 06 07 08 09 12 14 16 18 20 21 22 24
0055 (11/10/2004) 02 03 04 05 06 07 08 09 12 13 15 16 18 19 25
0056 (18/10/2004) 01 02 05 09 12 13 14 15 16 17 19 20 22 23 24
0057 (25/10/2004) 01 02 03 04 06 07 08 11 12 17 19 20 21 22 25
0058 (01/11/2004) 03 04 05 06 11 12 13 14 15 16 17 18 19 20 22
0059 (08/11/2004) 01 03 05 06 07 08 10 11 13 14 15 19 20 23 25
0060 (16/11/2004) 01 02 03 04 05 08 11 16 17 18 19 22 23 24 25
0061 (22/11/2004) 01 04 05 09 11 12 13 14 15 16 19 20 22 23 25
0062 (29/11/2004) 01 03 07 08 09 11 13 14 15 16 17 18 20 24 25
0063 (06/12/2004) 04 08 09 10 11 12 13 16 17 19 20 21 22 24 25
0064 (13/12/2004) 01 02 03 06 07 08 09 10 13 14 17 18 20 23 25
0065 (20/12/2004) 01 02 04 07 10 15 16 17 18 19 20 21 22 23 25
0066 (27/12/2004) 01 02 04 08 10 11 14 15 16 17 20 21 22 23 24
0067 (03/01/2005) 05 07 08 09 10 11 12 13 15 16 20 21 22 23 24
0068 (10/01/2005) 01 02 03 05 06 07 08 09 10 12 16 17 22 23 25
0069 (17/01/2005) 01 04 07 08 09 10 11 15 17 18 19 20 21 23 24
0070 (24/01/2005) 01 02 03 05 06 09 10 12 14 15 16 19 20 24 25
0071 (31/01/2005) 01 03 05 06 08 09 11 13 14 15 16 18 21 22 23
0072 (09/02/2005) 01 02 05 07 08 11 12 13 15 16 17 18 23 24 25
0073 (14/02/2005) 01 02 05 07 10 11 13 14 15 16 17 18 19 21 25
0074 (21/02/2005) 01 02 03 04 05 06 08 11 13 15 16 18 22 23 25
0075 (28/02/2005) 01 03 04 05 06 07 08 10 11 13 15 16 17 20 25
0076 (07/03/2005) 01 03 05 08 09 10 12 13 15 16 17 19 21 23 25
0077 (14/03/2005) 02 03 04 06 08 09 11 14 17 18 20 21 22 24 25
0078 (21/03/2005) 01 02 03 05 06 07 08 12 13 15 16 17 18 20 23
0079 (28/03/2005) 01 02 03 05 09 12 14 15 17 18 20 22 23 24 25
0080 (04/04/2005) 01 02 03 04 05 07 09 10 14 15 17 18 20 22 25
0081 (11/04/2005) 01 02 03 04 05 06 07 10 11 13 15 16 17 19 21
0082 (18/04/2005) 01 04 05 06 08 09 12 13 15 17 18 19 20 22 23
0083 (25/04/2005) 01 02 03 05 06 08 10 11 12 13 14 20 23 24 25
0084 (02/05/2005) 01 02 04 06 08 12 15 16 17 19 20 22 23 24 25
0085 (09/05/2005) 01 02 05 07 08 09 11 13 14 15 16 18 21 22 23
0086 (16/05/2005) 02 04 05 06 08 09 12 13 14 17 18 19 23 24 25
0087 (23/05/2005) 01 02 03 05 08 09 10 11 13 15 18 20 22 24 25
0088 (30/05/2005) 01 02 04 05 08 09 10 11 12 14 17 18 19 24 25
0089 (06/06/2005) 01 06 11 12 13 15 16 17 19 20 21 22 23 24 25
0090 (13/06/2005) 01 02 03 08 10 11 12 15 17 20 21 22 23 24 25
0091 (20/06/2005) 01 04 09 10 11 12 13 14 15 16 17 20 22 23 25
0092 (27/06/2005) 01 02 04 06 08 12 13 14 15 17 18 19 21 22 24
0093 (04/07/2005) 02 04 05 06 07 09 10 13 17 18 19 20 21 23 24
0094 (11/07/2005) 02 04 08 09 11 12 13 15 16 17 18 21 22 23 24
0095 (18/07/2005) 01 02 03 04 05 10 11 12 14 15 17 18 19 20 22
0096 (25/07/2005) 03 04 06 09 10 12 14 16 17 18 19 21 22 23 24
0097 (02/08/2005) 03 04 06 10 12 13 14 15 17 19 20 22 23 24 25
0098 (08/08/2005) 01 02 05 06 08 10 11 15 17 18 20 22 23 24 25
0099 (15/08/2005) 01 02 03 04 07 10 11 13 14 16 17 20 21 24 25
0100 (22/08/2005) 01 03 04 08 09 10 11 12 13 14 16 17 22 23 25
0101 (29/08/2005) 01 03 06 07 09 10 13 14 16 17 19 20 21 23 24
0102 (05/09/2005) 01 02 03 04 07 09 10 11 12 18 19 21 22 23 25
0103 (12/09/2005) 01 02 03 04 05 07 08 10 11 16 17 18 22 23 25
0104 (19/09/2005) 05 06 07 10 11 13 14 15 16 18 19 21 22 24 25
0105 (26/09/2005) 04 06 07 08 09 10 11 12 13 15 17 19 21 22 25
0106 (03/10/2005) 01 02 03 04 05 06 10 12 13 14 15 17 22 23 25
0107 (10/10/2005) 01 03 04 06 07 08 09 11 12 15 17 18 21 24 25
0108 (17/10/2005) 01 02 04 07 08 09 11 12 14 15 16 18 22 23 25
0109 (24/10/2005) 01 03 05 07 09 11 12 13 16 18 20 21 23 24 25
0110 (31/10/2005) 01 03 04 05 06 12 13 14 17 19 20 21 22 23 25
0111 (07/11/2005) 01 05 06 10 11 12 13 15 17 18 19 21 22 24 25
0112 (14/11/2005) 01 02 03 04 06 10 11 14 15 17 18 19 20 21 23
0113 (21/11/2005) 01 02 04 05 06 08 11 12 13 14 19 20 21 24 25
0114 (28/11/2005) 01 02 03 06 07 08 09 10 11 14 20 21 22 24 25
0115 (05/12/2005) 01 04 05 06 07 09 11 12 13 16 17 18 20 21 25
0116 (12/12/2005) 01 02 09 10 11 12 13 14 16 18 19 20 21 23 25
0117 (19/12/2005) 05 06 07 09 10 11 12 13 14 15 17 18 20 23 25
0118 (27/12/2005) 02 04 05 06 08 12 13 14 15 18 19 21 22 23 24
0119 (02/01/2006) 01 04 06 08 09 10 11 15 17 18 20 21 22 23 24
0120 (09/01/2006) 01 03 05 07 08 11 12 13 15 16 18 19 20 21 24
0121 (16/01/2006) 01 02 04 05 07 09 10 11 12 16 17 18 23 24 25
0122 (23/01/2006) 01 02 04 05 08 09 10 13 15 17 18 20 22 23 25
0123 (30/01/2006) 04 05 06 07 11 12 13 17 18 19 20 21 22 23 24
0124 (06/02/2006) 02 03 04 06 07 09 14 15 16 18 19 20 21 24 25
0125 (13/02/2006) 02 03 04 06 07 09 10 11 12 15 16 21 22 24 25
0126 (20/02/2006) 01 02 03 04 06 07 08 13 14 16 18 21 22 24 25
0127 (01/03/2006) 01 02 03 04 05 07 10 11 12 13 18 19 22 23 25
0128 (06/03/2006) 02 03 04 06 11 13 14 15 16 17 19 20 21 23 25
0129 (13/03/2006) 02 05 06 07 09 11 13 15 18 19 20 21 22 23 25
0130 (20/03/2006) 02 03 04 05 06 09 10 12 13 15 17 19 23 24 25
0131 (27/03/2006) 02 04 05 06 07 08 11 12 13 15 19 20 22 23 25
0132 (03/04/2006) 01 03 04 05 07 09 10 11 14 15 16 17 22 23 25
0133 (10/04/2006) 01 03 04 05 08 09 11 13 15 18 19 20 21 22 23
0134 (17/04/2006) 01 03 05 07 08 10 11 12 13 14 16 17 19 22 25
0135 (24/04/2006) 01 02 05 07 08 10 13 14 15 18 19 20 21 22 25
0136 (02/05/2006) 01 02 03 05 06 09 12 13 14 15 17 21 22 23 24
0137 (08/05/2006) 02 06 08 09 10 11 12 13 16 17 18 19 20 21 25
0138 (15/05/2006) 02 03 04 05 07 08 11 13 15 16 17 21 22 24 25
0139 (22/05/2006) 01 02 07 09 12 14 15 16 17 18 19 21 22 23 24
0140 (29/05/2006) 01 02 03 06 09 10 12 13 15 18 19 20 22 24 25
0141 (05/06/2006) 01 03 07 08 09 10 12 13 16 17 18 19 20 24 25
0142 (12/06/2006) 01 02 04 05 06 07 09 15 16 17 18 19 22 23 24
0143 (19/06/2006) 01 02 08 09 11 13 15 16 17 19 21 22 23 24 25
0144 (26/06/2006) 01 02 04 07 09 11 12 14 17 19 20 21 22 24 25
0145 (03/07/2006) 01 02 03 09 10 11 13 14 15 17 18 20 22 24 25
0146 (10/07/2006) 01 02 05 08 10 11 12 13 14 16 17 22 23 24 25
0147 (17/07/2006) 01 02 04 05 06 10 11 12 13 16 19 21 22 23 25
0148 (24/07/2006) 01 02 04 05 08 09 12 13 16 17 20 21 22 24 25
0149 (01/08/2006) 02 05 07 09 10 13 15 16 17 18 19 20 23 24 25
0150 (07/08/2006) 01 03 05 06 07 08 09 11 14 19 21 22 23 24 25
0151 (14/08/2006) 03 04 05 07 09 10 11 12 13 14 16 18 20 23 24
0152 (21/08/2006) 03 04 05 06 07 08 13 15 17 19 20 22 23 24 25
0153 (28/08/2006) 01 02 04 05 08 11 12 13 17 18 20 21 23 24 25
0154 (04/09/2006) 01 02 03 05 06 09 10 11 13 14 15 16 18 23 24
0155 (11/09/2006) 02 04 05 08 10 11 14 15 16 18 19 20 21 22 24
0156 (18/09/2006) 01 03 04 08 09 10 11 12 13 14 15 19 20 22 23
0157 (25/09/2006) 01 02 04 06 07 09 10 12 14 16 18 19 21 24 25
0158 (02/10/2006) 02 07 08 09 10 11 12 15 16 17 18 19 20 22 23
0159 (09/10/2006) 01 02 03 04 05 06 08 10 11 14 15 17 20 24 25
0160 (16/10/2006) 01 03 04 09 10 11 12 14 15 16 17 19 20 21 24
0161 (19/10/2006) 01 05 08 11 13 15 16 17 18 20 21 22 23 24 25
0162 (23/10/2006) 01 02 03 04 05 06 08 11 12 13 16 18 20 23 24
0163 (26/10/2006) 01 02 03 05 06 07 09 13 14 15 20 21 23 24 25
0164 (30/10/2006) 01 02 03 05 06 08 10 11 14 15 18 21 22 23 24
0165 (03/11/2006) 01 02 04 06 08 09 12 13 14 15 17 18 19 22 25
0166 (06/11/2006) 02 03 04 08 09 10 13 14 15 18 19 20 21 22 23
0167 (09/11/2006) 01 02 03 06 08 09 10 13 14 16 18 19 22 23 24
0168 (13/11/2006) 01 02 03 04 07 10 12 15 16 17 19 20 22 23 24
0169 (16/11/2006) 01 04 05 06 07 08 09 10 11 12 15 16 20 21 24
0170 (21/11/2006) 01 03 04 05 06 07 08 10 13 16 18 20 22 23 25
0171 (23/11/2006) 01 03 04 10 11 12 13 15 16 17 21 22 23 24 25
0172 (27/11/2006) 01 02 04 06 07 09 10 11 12 13 18 20 21 22 25
0173 (30/11/2006) 02 03 04 05 07 08 11 15 19 20 21 22 23 24 25
0174 (04/12/2006) 01 02 04 07 09 10 11 12 13 15 17 20 23 24 25
0175 (07/12/2006) 02 03 05 06 07 11 12 13 14 15 16 18 19 21 24
0176 (11/12/2006) 02 04 10 11 12 13 15 16 17 18 21 22 23 24 25
0177 (14/12/2006) 02 06 07 08 10 11 13 15 16 17 19 20 21 23 24
0178 (18/12/2006) 02 03 04 06 08 09 10 14 16 19 20 21 23 24 25
0179 (21/12/2006) 02 03 04 05 07 09 13 14 15 17 19 22 23 24 25
0180 (26/12/2006) 01 02 03 04 05 06 07 08 10 11 15 17 20 24 25
0181 (28/12/2006) 01 04 05 06 07 08 14 15 16 17 19 20 21 22 23
0182 (02/01/2007) 02 03 04 07 08 09 11 13 14 17 19 21 22 23 25
0183 (04/01/2007) 02 04 06 07 08 11 13 14 16 19 20 21 23 24 25
0184 (08/01/2007) 01 03 07 08 09 10 11 15 16 17 18 19 21 23 25
0185 (11/01/2007) 01 02 04 06 07 08 09 11 12 15 17 19 20 23 25
0186 (15/01/2007) 02 04 05 06 11 12 13 16 17 18 19 22 23 24 25
0187 (18/01/2007) 01 03 11 12 13 15 16 17 18 19 21 22 23 24 25
0188 (22/01/2007) 02 03 05 08 10 11 13 16 19 20 21 22 23 24 25
0189 (25/01/2007) 01 02 04 05 06 07 09 13 16 18 19 20 22 23 24
0190 (29/01/2007) 01 03 04 05 07 08 11 13 14 15 16 18 19 23 24
0191 (01/02/2007) 02 05 08 09 10 12 13 15 17 18 19 20 21 22 23
0192 (05/02/2007) 01 02 03 04 05 06 11 13 14 15 16 21 22 23 24
0193 (08/02/2007) 01 02 03 04 05 08 09 10 14 15 16 19 20 21 25
0194 (12/02/2007) 02 07 08 09 10 12 13 14 15 17 18 21 22 23 25
0195 (15/02/2007) 02 03 04 06 07 08 09 11 12 14 17 18 19 22 23
0196 (22/02/2007) 02 03 04 05 10 14 15 16 17 19 20 22 23 24 25
0197 (26/02/2007) 03 04 05 06 07 08 09 10 12 13 18 20 21 22 23
0198 (01/03/2007) 01 02 04 05 06 07 13 14 15 16 17 18 20 21 25
0199 (05/03/2007) 01 02 03 04 05 06 09 11 12 15 19 20 21 22 23
0200 (08/03/2007) 01 02 04 05 08 09 11 12 13 14 15 16 21 23 24
0201 (12/03/2007) 01 02 04 05 08 09 10 11 12 13 14 15 19 20 22
0202 (15/03/2007) 01 03 05 10 11 13 14 16 17 18 19 21 22 23 24
0203 (19/03/2007) 01 02 03 04 05 06 07 12 13 14 17 18 23 24 25
0204 (22/03/2007) 02 03 04 05 07 08 11 14 15 16 17 22 23 24 25
0205 (26/03/2007) 02 03 04 09 10 11 12 14 15 16 17 18 21 22 25
0206 (29/03/2007) 02 03 05 08 09 11 12 13 14 15 16 17 20 21 22
0207 (02/04/2007) 01 02 03 04 06 09 10 12 13 14 15 17 19 20 22
0208 (05/04/2007) 01 03 04 06 07 09 10 11 12 14 15 16 19 23 24
0209 (09/04/2007) 01 03 05 06 07 09 10 14 15 18 19 21 22 24 25
0210 (12/04/2007) 03 05 07 09 10 11 13 14 15 16 18 21 22 23 24
0211 (16/04/2007) 01 02 04 06 08 10 11 12 14 16 17 18 22 24 25
0212 (19/04/2007) 01 03 04 06 08 09 10 11 12 14 16 19 20 22 23
0213 (23/04/2007) 01 03 04 05 08 09 10 11 16 18 19 21 23 24 25
0214 (26/04/2007) 01 02 03 04 09 11 13 14 15 18 19 20 22 24 25
0215 (30/04/2007) 01 03 04 05 07 09 11 12 14 15 17 18 19 23 25
0216 (03/05/2007) 02 03 04 05 06 07 09 10 11 13 17 19 21 24 25
0217 (07/05/2007) 02 03 04 05 06 07 09 10 11 12 16 17 19 21 25
0218 (10/05/2007) 02 05 07 08 11 12 13 14 15 16 17 20 21 22 25
0219 (14/05/2007) 02 03 06 08 09 11 14 16 17 18 19 22 23 24 25
0220 (17/05/2007) 05 09 10 12 13 14 15 16 17 18 20 21 23 24 25
0221 (21/05/2007) 01 02 03 06 07 08 10 12 16 17 19 20 21 23 25
0222 (24/05/2007) 01 03 04 05 06 07 08 09 12 15 18 21 22 23 24
0223 (28/05/2007) 02 04 07 09 10 11 12 13 14 16 20 21 22 23 24
0224 (31/05/2007) 04 06 08 09 10 11 12 13 15 18 19 20 21 23 24
0225 (04/06/2007) 01 02 03 05 07 08 13 14 15 18 19 20 22 23 25
0226 (08/06/2007) 04 05 08 10 11 13 14 15 16 17 18 19 20 21 25
0227 (11/06/2007) 01 05 07 08 09 10 12 14 15 17 18 19 20 21 22
0228 (14/06/2007) 02 04 10 11 12 13 14 15 16 17 18 19 20 24 25
0229 (18/06/2007) 02 06 08 09 10 11 12 13 14 15 16 17 20 23 25
0230 (21/06/2007) 01 02 03 04 05 06 08 10 11 13 14 15 17 22 24
0231 (25/06/2007) 01 02 05 06 07 10 12 15 16 17 18 19 21 24 25
0232 (28/06/2007) 04 05 06 09 11 12 13 14 16 17 18 21 23 24 25
0233 (02/07/2007) 01 02 03 04 05 06 07 08 09 12 13 14 17 19 21
0234 (05/07/2007) 01 02 03 04 05 09 11 12 13 14 15 17 21 22 24
0235 (09/07/2007) 01 08 10 12 13 14 15 16 17 18 19 21 23 24 25
0236 (12/07/2007) 01 03 04 05 07 08 09 12 13 15 16 21 22 23 25
0237 (16/07/2007) 04 05 06 07 09 12 13 15 16 18 19 20 21 22 23
0238 (19/07/2007) 01 03 04 06 11 12 13 14 15 17 19 20 21 23 24
0239 (23/07/2007) 01 03 05 06 07 09 10 13 14 15 16 19 22 23 25
0240 (26/07/2007) 01 02 04 09 10 11 13 14 15 16 18 19 21 22 23
0241 (30/07/2007) 03 04 05 08 09 12 13 14 15 17 20 21 23 24 25
0242 (02/08/2007) 02 05 06 08 09 13 14 15 16 17 18 19 21 22 23
0243 (06/08/2007) 01 02 03 04 05 07 12 13 16 17 18 20 21 23 25
0244 (09/08/2007) 03 05 06 07 09 10 11 12 14 15 18 20 21 22 24
0245 (13/08/2007) 01 02 06 07 09 10 11 12 14 15 16 18 19 24 25
0246 (16/08/2007) 01 04 05 07 08 09 10 12 13 15 17 18 21 24 25
0247 (20/08/2007) 01 02 03 04 07 08 09 14 15 16 17 19 22 23 25
0248 (23/08/2007) 01 02 05 08 09 10 11 12 13 15 16 19 20 21 25
0249 (27/08/2007) 04 05 07 08 09 10 12 14 15 17 18 21 22 23 25
0250 (30/08/2007) 01 02 03 05 09 10 12 13 15 16 17 18 19 21 23
0251 (03/09/2007) 03 04 05 06 09 10 13 15 16 18 19 21 22 23 25
0252 (06/09/2007) 02 03 04 06 08 11 14 15 17 18 19 22 23 24 25
0253 (10/09/2007) 01 04 05 06 07 08 11 12 13 15 18 19 21 22 23
0254 (13/09/2007) 02 03 04 05 06 07 08 09 11 13 14 15 16 20 23
0255 (17/09/2007) 01 02 03 04 06 09 10 14 15 16 17 21 22 23 24
0256 (20/09/2007) 01 02 06 07 08 09 10 12 13 15 16 18 20 22 24
0257 (24/09/2007) 01 03 06 07 09 10 12 13 14 16 17 18 19 22 24
0258 (27/09/2007) 02 04 05 06 09 12 13 14 17 19 20 21 22 24 25
0259 (01/10/2007) 03 05 06 07 08 09 10 15 18 19 20 21 22 24 25
0260 (04/10/2007) 01 03 04 05 06 07 08 09 11 13 14 18 19 20 24
0261 (08/10/2007) 01 02 04 05 06 07 11 13 15 16 17 19 20 21 25
0262 (11/10/2007) 03 04 06 07 08 09 12 13 14 15 17 20 21 23 24
0263 (15/10/2007) 01 04 07 08 09 10 11 14 15 16 18 19 21 23 24
0264 (18/10/2007) 01 03 04 06 08 09 12 13 16 19 20 21 22 23 25
0265 (22/10/2007) 01 05 07 08 11 12 13 15 16 17 18 19 20 22 24
0266 (25/10/2007) 01 03 04 05 06 07 09 11 14 15 18 19 21 22 24
0267 (29/10/2007) 02 03 04 05 06 09 11 12 13 14 15 17 21 23 24
0268 (01/11/2007) 05 06 07 08 09 10 12 14 15 16 18 19 20 23 25
0269 (05/11/2007) 01 02 04 06 10 13 14 15 16 17 18 19 22 23 24
0270 (08/11/2007) 01 03 04 05 06 07 08 09 14 16 18 19 23 24 25
0271 (12/11/2007) 01 02 04 05 06 08 11 12 16 18 19 20 21 24 25
0272 (16/11/2007) 01 02 04 05 08 09 11 12 13 15 17 20 23 24 25
0273 (19/11/2007) 01 05 06 07 10 12 15 16 17 18 19 20 21 24 25
0274 (22/11/2007) 02 04 05 06 07 10 11 12 14 15 17 20 21 23 25
0275 (26/11/2007) 01 03 05 06 08 09 10 11 12 14 15 17 18 20 22
0276 (29/11/2007) 02 03 04 05 07 10 11 12 13 17 18 19 20 22 25
0277 (03/12/2007) 02 04 09 10 11 12 13 14 16 17 21 22 23 24 25
0278 (06/12/2007) 01 02 03 05 06 09 11 12 13 15 17 19 21 23 25
0279 (10/12/2007) 01 02 03 05 06 09 10 11 12 13 17 18 19 22 23
0280 (13/12/2007) 03 04 05 06 09 10 11 13 15 16 17 19 20 24 25
0281 (17/12/2007) 01 02 03 04 08 09 10 11 12 14 15 17 19 23 25
0282 (20/12/2007) 02 03 04 07 08 11 12 13 15 16 19 20 21 22 25
0283 (22/12/2007) 01 02 04 06 08 09 10 11 12 13 19 20 22 23 24
0284 (27/12/2007) 01 03 05 06 07 11 12 13 15 17 19 21 22 23 25
0285 (29/12/2007) 01 04 05 08 09 10 11 12 13 14 15 16 19 22 23
0286 (03/01/2008) 01 02 03 04 07 09 10 11 12 13 19 21 23 24 25
0287 (07/01/2008) 02 05 06 07 10 12 13 15 16 17 18 21 22 23 25
0288 (10/01/2008) 01 02 03 04 06 09 10 12 13 14 15 18 19 24 25
0289 (14/01/2008) 01 02 03 04 06 08 09 10 12 14 15 17 19 22 24
0290 (17/01/2008) 01 02 05 06 07 09 11 12 13 14 17 20 21 22 23
0291 (21/01/2008) 01 02 05 07 08 10 11 12 13 14 15 17 20 23 24
0292 (24/01/2008) 02 03 05 07 08 09 11 12 13 16 17 21 22 24 25
0293 (28/01/2008) 01 02 03 06 09 12 13 14 15 18 19 22 23 24 25
0294 (31/01/2008) 01 02 03 04 05 07 08 11 12 15 16 20 23 24 25
0295 (07/02/2008) 02 03 04 06 10 13 15 16 17 18 19 21 23 24 25
0296 (11/02/2008) 02 03 06 07 08 11 12 14 15 16 17 18 19 22 25
0297 (14/02/2008) 01 04 07 08 09 10 12 14 15 16 21 22 23 24 25
0298 (18/02/2008) 01 03 04 06 07 08 11 12 13 14 15 16 21 22 24
0299 (21/02/2008) 03 05 06 07 08 10 13 17 18 19 20 21 22 23 24
0300 (25/02/2008) 03 04 07 08 09 11 12 15 17 19 20 21 22 23 25
0301 (28/02/2008) 02 03 08 09 11 12 13 14 15 17 18 19 20 22 23
0302 (03/03/2008) 02 04 05 06 09 10 11 12 14 15 16 18 20 22 25
0303 (06/03/2008) 02 03 04 06 08 12 15 16 17 18 20 21 22 23 24
0304 (10/03/2008) 01 03 04 05 12 14 15 16 17 18 19 20 21 22 25
0305 (13/03/2008) 02 03 04 05 08 10 11 12 13 18 20 21 22 24 25
0306 (17/03/2008) 01 02 04 05 08 11 12 13 14 15 16 18 19 20 25
0307 (20/03/2008) 01 03 04 06 09 10 12 14 15 17 19 20 21 23 24
0308 (24/03/2008) 01 02 04 05 12 13 15 16 18 19 21 22 23 24 25
0309 (27/03/2008) 01 02 03 04 08 09 10 13 14 16 17 20 21 22 24
0310 (31/03/2008) 02 03 05 09 10 11 14 15 16 17 18 19 21 23 24
0311 (03/04/2008) 02 04 05 07 10 12 14 15 16 17 19 20 23 24 25
0312 (07/04/2008) 01 02 06 08 09 10 11 12 13 16 17 18 19 22 25
0313 (10/04/2008) 02 03 06 07 09 10 12 14 15 16 17 18 19 23 25
0314 (14/04/2008) 01 02 05 06 08 09 11 12 13 14 15 19 20 21 22
0315 (17/04/2008) 02 03 05 06 08 11 13 14 16 17 19 20 21 23 24
0316 (22/04/2008) 01 03 04 06 07 08 10 12 13 14 15 18 19 23 24
0317 (24/04/2008) 01 02 04 05 08 09 11 14 16 18 19 21 22 24 25
0318 (28/04/2008) 03 04 05 06 09 11 12 13 14 15 16 18 21 23 25
0319 (02/05/2008) 01 03 04 06 08 09 10 12 14 16 17 19 20 23 24
0320 (05/05/2008) 01 03 06 09 11 12 14 15 17 18 19 21 22 23 25
0321 (08/05/2008) 02 03 04 09 10 11 12 13 14 16 17 18 20 24 25
0322 (12/05/2008) 01 02 03 05 07 12 13 15 16 17 18 20 21 23 24
0323 (15/05/2008) 01 02 03 04 06 07 09 10 14 17 19 20 21 23 25
0324 (19/05/2008) 01 02 03 04 06 07 08 09 10 12 16 20 21 23 24
0325 (23/05/2008) 01 02 04 05 06 07 10 14 15 19 20 22 23 24 25
0326 (26/05/2008) 01 02 04 06 07 08 10 11 12 13 15 17 18 24 25
0327 (29/05/2008) 01 02 03 04 08 12 13 14 15 16 17 18 19 21 23
0328 (02/06/2008) 02 03 04 05 11 12 13 15 18 19 21 22 23 24 25
0329 (05/06/2008) 01 02 03 04 08 09 13 14 17 18 20 21 23 24 25
0330 (09/06/2008) 01 02 05 06 09 12 14 15 17 18 19 22 23 24 25
0331 (12/06/2008) 01 03 05 06 07 12 13 15 16 18 19 21 22 23 25
0332 (16/06/2008) 02 03 05 06 07 10 11 12 14 19 20 21 23 24 25
0333 (19/06/2008) 01 02 05 06 09 11 12 13 14 15 16 18 21 23 25
0334 (23/06/2008) 01 02 06 07 08 11 13 15 16 17 18 21 22 23 25
0335 (26/06/2008) 01 03 04 06 07 08 09 11 12 14 16 17 19 20 21
0336 (30/06/2008) 01 02 03 05 06 08 10 11 14 15 16 17 19 22 25
0337 (03/07/2008) 01 03 04 05 07 08 09 10 11 12 16 18 19 22 23
0338 (07/07/2008) 03 04 05 06 07 09 12 14 15 16 17 19 20 21 25
0339 (10/07/2008) 01 02 05 08 10 13 15 16 18 19 20 21 22 23 24
0340 (14/07/2008) 02 03 04 05 06 08 09 10 11 14 19 20 21 22 25
0341 (17/07/2008) 01 05 07 09 11 12 13 16 18 19 20 21 22 24 25
0342 (21/07/2008) 01 03 04 08 11 12 13 15 16 19 20 21 22 23 25
0343 (24/07/2008) 03 05 06 08 11 12 13 14 15 16 18 19 20 22 25
0344 (28/07/2008) 03 04 05 06 09 10 11 12 13 15 16 20 21 24 25
0345 (31/07/2008) 02 07 09 11 12 14 15 16 18 19 20 21 23 24 25
0346 (04/08/2008) 01 02 03 05 06 08 10 12 14 15 17 18 21 23 24
0347 (07/08/2008) 03 05 07 08 09 10 11 12 14 15 18 19 20 24 25
0348 (11/08/2008) 01 02 05 07 08 12 14 17 18 19 20 21 22 24 25
0349 (14/08/2008) 01 02 05 07 08 12 14 16 17 18 19 20 22 24 25
0350 (18/08/2008) 01 02 03 04 06 07 08 09 12 13 14 15 22 23 25
0351 (21/08/2008) 01 02 03 05 07 10 11 12 14 16 17 18 19 23 24
0352 (25/08/2008) 01 02 03 04 06 09 12 13 15 17 18 19 20 22 24
0353 (28/08/2008) 02 03 07 08 09 11 12 13 17 18 19 20 21 22 23
0354 (01/09/2008) 01 02 04 07 08 09 10 12 16 17 18 19 21 22 23
0355 (04/09/2008) 02 04 06 07 08 09 10 11 12 13 15 18 19 23 25
0356 (08/09/2008) 02 04 05 09 10 11 13 14 15 16 19 20 22 24 25
0357 (11/09/2008) 01 02 05 06 08 09 10 11 13 14 17 19 21 23 25
0358 (15/09/2008) 02 04 06 09 10 11 12 14 15 16 17 18 23 24 25
0359 (18/09/2008) 04 07 08 10 11 12 13 16 17 18 19 21 22 24 25
0360 (22/09/2008) 01 02 03 04 05 07 08 09 11 17 18 19 20 23 24
0361 (25/09/2008) 01 04 07 09 10 12 13 14 15 16 17 19 20 23 24
0362 (29/09/2008) 01 02 03 04 05 06 07 10 12 13 17 18 22 23 24
0363 (02/10/2008) 02 03 04 06 08 09 11 13 15 16 17 20 21 22 23
0364 (06/10/2008) 02 03 04 06 07 09 11 12 13 15 19 20 21 22 24
0365 (09/10/2008) 03 04 05 08 10 11 12 15 16 18 19 20 23 24 25
0366 (13/10/2008) 03 05 06 08 09 11 13 15 17 18 20 21 22 23 25
0367 (16/10/2008) 01 02 04 07 08 09 12 13 15 17 18 20 21 22 24
0368 (20/10/2008) 02 03 04 05 06 11 13 14 15 17 19 20 21 22 24
0369 (23/10/2008) 01 03 05 06 07 09 11 12 14 15 20 21 22 23 24
0370 (27/10/2008) 03 04 06 07 08 09 10 11 12 14 16 17 19 23 25
0371 (30/10/2008) 01 02 03 05 06 07 08 09 10 13 14 15 16 22 25
0372 (03/11/2008) 03 04 05 06 10 12 13 14 16 17 19 22 23 24 25
0373 (06/11/2008) 02 04 06 09 11 12 13 14 15 17 19 20 21 22 23
0374 (10/11/2008) 01 02 03 06 09 12 13 16 18 20 21 22 23 24 25
0375 (13/11/2008) 01 02 05 07 10 11 12 13 14 16 17 18 19 20 25
0376 (17/11/2008) 02 03 08 10 12 13 14 15 16 18 20 21 22 24 25
0377 (20/11/2008) 01 02 03 04 07 08 09 11 12 13 15 17 19 20 22
0378 (24/11/2008) 02 03 04 06 12 13 14 15 16 19 21 22 23 24 25
0379 (27/11/2008) 03 04 05 07 10 11 12 13 14 16 17 18 21 22 25
0380 (01/12/2008) 02 03 04 06 07 08 09 10 11 14 17 18 22 23 25
0381 (04/12/2008) 01 03 04 06 07 09 10 12 13 15 17 19 21 22 25
0382 (08/12/2008) 02 03 04 07 08 09 10 11 12 14 15 16 21 22 24
0383 (11/12/2008) 03 05 06 07 09 11 12 14 15 16 18 22 23 24 25
0384 (15/12/2008) 01 03 04 07 10 11 13 15 17 18 19 20 21 22 25
0385 (18/12/2008) 01 02 04 05 06 08 12 13 15 18 20 22 23 24 25
0386 (22/12/2008) 01 02 03 04 06 07 09 11 15 18 19 20 21 23 25
0387 (26/12/2008) 02 03 04 08 09 10 11 12 14 15 19 20 21 22 23
0388 (29/12/2008) 01 02 03 05 06 07 09 10 11 15 16 17 18 20 21
0389 (02/01/2009) 02 03 04 05 06 09 10 12 13 17 18 19 23 24 25
0390 (05/01/2009) 02 05 07 10 11 12 13 14 15 19 20 21 22 24 25
0391 (08/01/2009) 01 03 04 06 08 09 12 13 15 16 18 21 22 23 25
0392 (12/01/2009) 01 02 03 04 10 11 12 14 15 17 18 20 21 23 25
0393 (15/01/2009) 01 03 04 06 07 08 10 11 17 18 20 21 22 23 25
0394 (19/01/2009) 02 05 06 07 08 12 13 14 16 18 20 21 22 23 24
0395 (22/01/2009) 01 02 04 06 08 09 11 13 14 15 17 21 22 23 25
0396 (26/01/2009) 01 02 03 05 06 07 09 10 11 13 15 18 20 22 24
0397 (29/01/2009) 01 02 03 04 05 06 08 09 10 13 14 15 20 22 25
0398 (02/02/2009) 02 03 04 05 07 08 09 10 12 13 16 18 20 21 22
0399 (05/02/2009) 01 04 07 09 10 11 12 14 16 17 19 21 22 23 24
0400 (09/02/2009) 01 05 09 10 12 14 15 16 17 19 20 21 22 23 24
0401 (12/02/2009) 01 02 03 05 06 07 08 10 14 16 17 21 23 24 25
0402 (16/02/2009) 01 02 04 06 07 08 09 11 16 20 21 22 23 24 25
0403 (19/02/2009) 02 04 06 07 08 09 11 12 13 14 15 19 21 24 25
0404 (26/02/2009) 01 05 06 08 10 11 13 14 16 18 20 21 22 24 25
0405 (02/03/2009) 04 05 06 07 08 11 12 13 14 16 18 19 22 24 25
0406 (05/03/2009) 01 02 04 05 07 08 09 10 11 16 17 21 22 23 24
0407 (09/03/2009) 02 04 06 07 08 09 11 12 14 15 16 17 20 22 25
0408 (12/03/2009) 01 02 03 04 10 11 12 14 15 18 19 20 21 22 23
0409 (16/03/2009) 01 02 04 06 07 08 10 14 16 17 20 21 23 24 25
0410 (19/03/2009) 01 04 05 07 08 09 10 11 13 14 15 17 18 19 25
0411 (23/03/2009) 01 05 07 09 11 12 14 16 17 18 20 21 22 24 25
0412 (26/03/2009) 03 04 08 09 10 11 12 16 17 18 19 20 21 22 25
0413 (30/03/2009) 02 03 05 06 08 09 10 12 13 14 16 17 20 21 25
0414 (02/04/2009) 02 03 05 06 08 09 10 11 15 16 18 19 20 21 25
0415 (06/04/2009) 01 03 07 10 11 13 14 15 17 18 19 20 21 22 23
0416 (09/04/2009) 01 02 05 06 07 13 15 16 18 19 20 22 23 24 25
0417 (15/04/2009) 01 02 03 08 09 11 12 13 14 15 16 17 19 21 23
0418 (16/04/2009) 05 08 09 10 11 12 13 14 18 19 20 22 23 24 25
0419 (20/04/2009) 03 04 05 06 07 14 15 16 17 18 20 21 22 23 24
0420 (23/04/2009) 03 04 05 06 07 08 09 10 11 12 18 19 22 24 25
0421 (27/04/2009) 03 04 05 08 09 10 12 13 14 15 16 19 20 23 25
0422 (30/04/2009) 01 02 03 04 06 07 08 12 13 14 17 18 22 23 25
0423 (04/05/2009) 01 02 03 05 11 13 15 16 17 18 20 22 23 24 25
0424 (07/05/2009) 01 03 06 09 10 11 13 14 15 16 17 18 19 24 25
0425 (11/05/2009) 01 07 09 10 11 12 13 15 16 18 19 20 22 23 24
0426 (14/05/2009) 02 03 04 05 06 08 10 11 15 16 18 19 22 24 25
0427 (18/05/2009) 01 03 04 05 06 07 09 10 11 12 16 19 21 22 24
0428 (21/05/2009) 01 03 04 11 13 14 15 17 18 19 20 21 22 23 24
0429 (25/05/2009) 02 03 04 05 06 07 08 12 13 14 16 17 19 23 25
0430 (28/05/2009) 02 03 04 05 06 07 09 11 13 14 15 20 22 23 25
0431 (01/06/2009) 01 02 03 05 09 11 12 13 15 18 20 21 22 23 24
0432 (04/06/2009) 02 03 04 06 07 10 12 13 15 17 19 20 21 23 24
0433 (08/06/2009) 01 02 03 05 07 08 09 14 15 19 21 22 23 24 25
0434 (12/06/2009) 03 04 06 09 11 12 13 15 16 17 18 21 23 24 25
0435 (15/06/2009) 01 03 04 05 10 11 13 14 15 16 17 18 21 24 25
0436 (18/06/2009) 03 04 06 07 10 13 14 15 18 19 20 21 22 23 25
0437 (22/06/2009) 01 02 04 05 06 08 10 11 12 16 17 19 20 21 23
0438 (25/06/2009) 01 04 07 08 09 11 13 15 17 18 21 22 23 24 25
0439 (29/06/2009) 02 03 05 09 10 11 12 14 15 17 19 21 23 24 25
0440 (02/07/2009) 01 03 05 08 09 12 13 14 15 16 19 21 22 24 25
0441 (06/07/2009) 01 02 03 04 07 08 09 10 11 13 14 20 23 24 25
0442 (09/07/2009) 05 06 07 08 09 12 13 14 15 17 18 22 23 24 25
0443 (13/07/2009) 01 02 03 05 07 10 11 12 16 17 18 19 21 22 23
0444 (16/07/2009) 01 02 03 06 07 10 14 15 18 19 20 21 22 24 25
0445 (20/07/2009) 01 02 04 07 09 10 11 12 13 15 16 18 19 20 21
0446 (23/07/2009) 01 02 04 05 06 08 10 11 14 15 16 19 21 23 24
0447 (27/07/2009) 01 02 05 08 10 12 16 17 18 19 20 21 22 24 25
0448 (30/07/2009) 01 03 05 06 09 10 11 12 13 14 15 17 20 23 24
0449 (03/08/2009) 01 02 03 04 08 09 10 11 16 17 18 19 22 24 25
0450 (06/08/2009) 04 05 06 07 09 11 14 16 17 18 21 22 23 24 25
0451 (10/08/2009) 01 03 05 06 08 09 14 15 17 18 19 22 23 24 25
0452 (13/08/2009) 01 06 07 08 09 10 11 12 14 17 18 19 20 24 25
0453 (17/08/2009) 01 02 03 04 06 09 11 14 15 17 19 20 21 24 25
0454 (20/08/2009) 03 04 06 07 11 12 13 14 15 17 19 20 22 24 25
0455 (24/08/2009) 01 03 04 05 06 07 08 11 12 14 18 19 21 23 25
0456 (27/08/2009) 01 03 04 09 10 11 12 13 14 17 18 21 23 24 25
0457 (31/08/2009) 01 04 05 11 13 14 15 16 18 19 20 21 22 23 25
0458 (03/09/2009) 02 03 04 05 06 07 08 09 11 13 15 16 18 20 22
0459 (08/09/2009) 01 02 03 04 07 10 11 12 14 15 17 19 20 21 23
0460 (10/09/2009) 01 03 04 06 09 10 11 12 14 15 16 17 19 22 23
0461 (14/09/2009) 03 04 05 06 07 08 11 12 13 14 15 17 19 23 24
0462 (17/09/2009) 01 02 03 05 07 08 12 14 16 17 18 21 22 23 24
0463 (21/09/2009) 02 03 06 07 09 11 13 14 17 18 19 20 22 23 25
0464 (24/09/2009) 01 02 05 08 10 11 16 17 19 20 21 22 23 24 25
0465 (28/09/2009) 01 02 03 04 06 07 09 10 11 13 18 19 21 22 25
0466 (01/10/2009) 02 06 07 08 10 11 12 14 17 18 19 20 21 22 25
0467 (05/10/2009) 02 04 05 06 07 10 13 14 15 17 18 21 22 24 25
0468 (08/10/2009) 02 03 05 06 09 10 12 13 15 17 18 21 22 24 25
0469 (13/10/2009) 01 02 05 06 07 08 10 11 13 14 18 19 22 23 25
0470 (15/10/2009) 01 03 04 05 06 07 08 10 11 13 15 18 20 22 23
0471 (19/10/2009) 02 03 04 06 09 10 11 12 13 14 15 16 20 24 25
0472 (22/10/2009) 01 02 04 05 06 07 08 11 12 13 14 15 17 18 20
0473 (27/10/2009) 01 02 05 06 07 08 09 11 12 15 17 19 22 23 25
0474 (29/10/2009) 01 02 03 05 09 10 11 12 15 16 17 18 21 23 24
0475 (03/11/2009) 02 03 04 05 06 09 10 11 13 14 17 20 21 23 25
0476 (05/11/2009) 01 05 06 07 09 10 11 13 14 15 16 17 19 24 25
0477 (09/11/2009) 02 04 06 07 08 10 11 12 14 16 18 20 23 24 25
0478 (12/11/2009) 02 03 05 07 09 10 11 12 13 16 18 22 23 24 25
0479 (16/11/2009) 02 03 05 08 11 13 14 15 16 18 19 22 23 24 25
0480 (19/11/2009) 04 05 06 07 08 09 11 12 15 17 18 19 22 24 25
0481 (23/11/2009) 01 03 05 07 09 10 12 13 14 15 17 20 21 22 24
0482 (26/11/2009) 02 06 07 08 09 10 12 15 16 17 19 21 22 23 25
0483 (30/11/2009) 01 04 05 06 07 09 11 12 14 17 18 21 22 23 24
0484 (03/12/2009) 01 04 06 08 09 10 11 13 14 16 17 20 21 23 25
0485 (07/12/2009) 02 03 04 05 06 07 11 16 17 18 20 21 22 24 25
0486 (10/12/2009) 01 02 03 04 05 07 09 11 13 15 18 19 20 21 22
0487 (14/12/2009) 04 05 06 07 08 09 10 14 15 17 18 19 21 22 24
0488 (17/12/2009) 05 06 07 08 11 12 13 14 15 17 18 20 22 24 25
0489 (21/12/2009) 01 02 05 07 10 11 12 14 17 18 19 21 22 23 25
0490 (24/12/2009) 03 05 06 08 10 11 12 13 14 16 17 18 21 22 23
0491 (28/12/2009) 01 02 03 07 09 11 12 13 16 20 21 22 23 24 25
0492 (31/12/2009) 01 02 03 04 06 08 11 12 14 15 18 19 21 24 25
0493 (04/01/2010) 01 04 05 07 08 10 12 13 14 15 17 18 21 22 25
0494 (07/01/2010) 02 03 04 05 07 08 12 13 15 16 18 19 20 21 22
0495 (11/01/2010) 01 03 04 06 07 08 09 11 13 15 17 19 22 24 25
0496 (14/01/2010) 03 04 05 07 09 11 13 14 15 16 17 19 21 22 24
0497 (18/01/2010) 01 02 03 04 05 08 09 11 12 14 16 17 19 23 25
0498 (21/01/2010) 01 02 04 05 06 11 13 14 15 16 18 20 22 23 25
0499 (25/01/2010) 01 02 03 04 07 10 11 12 15 17 19 20 21 24 25
0500 (28/01/2010) 02 03 05 06 08 09 10 13 14 16 18 20 21 23 25
0501 (01/02/2010) 01 02 03 04 06 09 12 15 17 18 19 21 23 24 25
0502 (04/02/2010) 01 02 03 04 05 06 08 10 11 13 16 18 19 23 24
0503 (08/02/2010) 01 02 03 04 05 07 11 12 14 15 17 20 21 24 25
0504 (11/02/2010) 01 06 09 10 12 13 14 15 16 17 18 19 20 21 23
0505 (13/02/2010) 03 04 06 07 09 11 15 16 17 18 19 20 21 22 24
0506 (18/02/2010) 04 05 06 09 11 12 13 15 16 17 19 20 21 22 24
0507 (22/02/2010) 01 02 03 05 06 08 09 10 11 12 20 21 23 24 25
0508 (25/02/2010) 02 03 05 06 07 08 09 14 15 16 18 19 23 24 25
0509 (01/03/2010) 01 03 05 06 09 11 12 15 16 17 19 20 22 24 25
0510 (04/03/2010) 01 02 03 04 06 07 10 11 12 13 20 21 22 23 25
0511 (08/03/2010) 01 02 05 07 10 11 12 13 14 17 18 19 21 24 25
0512 (12/03/2010) 01 02 04 05 06 07 08 09 10 12 13 15 16 21 24
0513 (15/03/2010) 01 02 03 06 09 10 11 13 15 17 18 20 22 23 25
0514 (18/03/2010) 01 05 06 07 08 09 11 12 15 17 18 21 22 24 25
0515 (22/03/2010) 02 03 05 07 09 10 11 12 13 14 17 18 20 24 25
0516 (25/03/2010) 02 04 05 06 07 08 11 12 13 14 18 20 21 23 24
0517 (29/03/2010) 01 03 04 05 06 07 08 09 11 12 13 17 21 22 23
0518 (01/04/2010) 04 05 06 07 10 11 12 13 14 16 17 19 20 22 24
0519 (05/04/2010) 02 03 07 09 11 12 13 15 16 17 19 21 23 24 25
0520 (08/04/2010) 02 04 05 06 09 10 12 14 15 18 19 20 22 23 24
0521 (12/04/2010) 01 02 03 04 05 06 09 10 11 12 13 17 19 20 23
0522 (15/04/2010) 02 04 06 07 09 11 16 17 18 19 21 22 23 24 25
0523 (19/04/2010) 02 04 05 08 09 10 11 12 13 16 17 18 19 24 25
0524 (22/04/2010) 02 03 05 06 07 10 11 12 14 17 20 21 22 23 24
0525 (26/04/2010) 03 04 06 09 10 11 13 15 16 17 18 20 21 22 25
0526 (29/04/2010) 01 02 04 07 08 09 10 11 12 14 15 16 19 24 25
0527 (03/05/2010) 01 02 05 06 09 11 12 14 15 16 17 19 22 23 24
0528 (06/05/2010) 02 03 04 06 07 08 10 11 12 15 19 21 23 24 25
0529 (10/05/2010) 02 03 05 06 07 11 12 16 17 18 19 20 22 23 25
0530 (13/05/2010) 03 04 06 07 08 09 10 11 12 14 16 18 21 22 23
0531 (17/05/2010) 01 02 03 07 10 12 13 14 15 16 17 21 22 23 25
0532 (20/05/2010) 01 02 04 05 06 07 09 11 12 13 15 16 19 22 24
0533 (24/05/2010) 01 02 03 08 09 10 11 13 14 16 17 18 20 24 25
0534 (27/05/2010) 01 02 03 05 07 08 11 12 13 15 18 19 21 22 24
0535 (31/05/2010) 01 04 05 06 09 11 13 15 16 17 19 21 23 24 25
0536 (04/06/2010) 03 04 05 07 09 11 15 16 17 19 20 22 23 24 25
0537 (07/06/2010) 01 02 04 06 09 10 11 14 15 17 18 20 22 23 24
0538 (10/06/2010) 02 05 06 10 11 12 13 16 17 18 19 20 21 24 25
0539 (14/06/2010) 01 02 04 05 06 08 09 12 13 14 15 16 19 21 23
0540 (17/06/2010) 02 06 07 08 09 11 12 13 15 16 18 19 20 22 24
0541 (21/06/2010) 03 04 05 06 09 10 13 14 15 17 19 20 22 24 25
0542 (24/06/2010) 01 02 03 04 05 08 09 10 13 16 17 18 20 22 24
0543 (28/06/2010) 01 05 07 08 10 11 13 14 15 16 17 20 22 24 25
0544 (01/07/2010) 02 04 05 07 08 09 11 13 14 15 18 19 21 23 24
0545 (05/07/2010) 01 03 05 06 07 11 12 13 14 15 17 18 23 24 25
0546 (08/07/2010) 02 03 04 05 08 09 10 11 12 13 17 18 19 21 23
0547 (12/07/2010) 01 02 04 05 06 09 10 12 14 16 17 19 20 24 25
0548 (15/07/2010) 01 02 03 04 05 06 07 08 09 13 14 17 20 23 25
0549 (19/07/2010) 03 04 07 09 10 11 13 14 15 16 17 20 21 22 23
0550 (22/07/2010) 01 05 06 07 09 10 11 13 14 16 17 18 20 21 22
0551 (26/07/2010) 03 07 08 10 12 13 14 16 17 18 19 20 21 22 24
0552 (29/07/2010) 01 03 04 05 06 08 10 12 13 17 20 22 23 24 25
0553 (02/08/2010) 04 05 07 08 09 10 12 13 14 15 17 18 21 23 24
0554 (05/08/2010) 01 02 03 04 06 09 13 14 17 19 20 21 22 24 25
0555 (09/08/2010) 01 02 06 07 08 09 10 12 14 16 17 18 20 23 24
0556 (12/08/2010) 01 04 08 09 11 13 14 16 17 18 20 22 23 24 25
0557 (16/08/2010) 01 05 07 08 09 10 12 14 15 17 18 19 20 21 23
0558 (19/08/2010) 01 03 04 05 07 10 12 14 17 18 20 21 22 24 25
0559 (23/08/2010) 01 02 05 07 09 10 11 13 14 16 19 20 21 22 23
0560 (26/08/2010) 01 02 04 09 10 12 14 17 18 19 20 21 23 24 25
0561 (30/08/2010) 02 03 04 06 07 09 10 11 12 13 15 17 18 20 21
0562 (02/09/2010) 01 02 03 05 07 08 13 14 16 18 19 20 21 22 24
0563 (06/09/2010) 01 03 04 05 06 07 09 11 12 16 19 20 22 23 24
0564 (09/09/2010) 01 02 03 04 07 09 12 14 15 17 19 20 21 23 24
0565 (13/09/2010) 01 04 06 07 09 10 12 15 17 18 19 20 21 23 24
0566 (16/09/2010) 01 03 04 05 07 09 10 11 14 15 16 17 19 20 21
0567 (20/09/2010) 01 02 05 07 08 09 10 12 13 14 15 17 21 24 25
0568 (23/09/2010) 01 02 04 05 06 07 08 09 13 15 16 17 18 20 21
0569 (27/09/2010) 01 02 06 07 08 12 13 16 17 18 19 20 22 24 25
0570 (30/09/2010) 01 02 03 04 05 10 12 14 15 18 19 20 21 22 23
0571 (04/10/2010) 03 04 05 06 07 11 12 15 16 18 19 20 21 24 25
0572 (07/10/2010) 02 05 06 08 09 10 13 14 15 16 17 19 21 22 24
0573 (11/10/2010) 01 02 03 07 10 11 12 14 16 18 20 22 23 24 25
0574 (14/10/2010) 01 05 06 11 12 13 14 16 18 19 20 21 22 23 25
0575 (18/10/2010) 03 05 08 09 10 12 13 15 16 17 18 19 21 22 24
0576 (21/10/2010) 06 08 09 10 11 12 13 15 16 17 18 19 21 23 25
0577 (25/10/2010) 01 02 03 04 05 08 10 12 15 16 18 19 21 22 23
0578 (28/10/2010) 01 04 06 07 08 10 12 13 14 15 16 19 21 22 23
0579 (01/11/2010) 01 03 05 06 07 08 10 12 13 14 17 19 20 21 24
0580 (04/11/2010) 01 04 06 07 08 09 10 12 13 14 16 17 21 24 25
0581 (08/11/2010) 02 04 06 09 11 12 13 14 15 17 18 19 21 23 25
0582 (11/11/2010) 03 07 08 09 10 11 12 13 15 17 18 19 21 23 25
0583 (16/11/2010) 01 03 04 07 08 09 11 14 16 17 18 19 21 23 24
0584 (18/11/2010) 02 03 05 06 07 08 10 11 14 15 19 20 21 22 23
0585 (22/11/2010) 01 05 07 08 09 10 13 14 15 16 17 18 20 23 24
0586 (25/11/2010) 02 03 04 06 07 08 11 12 16 17 18 19 22 24 25
0587 (29/11/2010) 01 04 05 07 09 10 11 12 13 17 18 19 20 21 23
0588 (02/12/2010) 01 04 05 07 11 12 13 14 17 18 19 20 23 24 25
0589 (06/12/2010) 02 03 04 06 08 09 10 12 13 20 21 22 23 24 25
0590 (09/12/2010) 01 03 04 06 09 10 11 13 14 15 16 18 19 20 21
0591 (13/12/2010) 01 02 04 07 08 10 11 14 15 16 17 19 20 21 23
0592 (16/12/2010) 01 03 05 06 08 09 10 14 15 16 17 18 19 20 22
0593 (20/12/2010) 01 03 04 05 06 09 10 11 13 14 15 20 23 24 25
0594 (23/12/2010) 02 03 06 07 09 10 11 13 14 15 16 18 20 23 25
0595 (27/12/2010) 01 05 06 07 08 09 10 11 12 15 17 19 21 24 25
0596 (30/12/2010) 02 03 07 08 09 10 11 12 17 18 19 20 22 23 25
0597 (03/01/2011) 01 02 03 05 08 09 10 11 14 16 17 18 22 24 25
0598 (06/01/2011) 01 03 04 05 07 11 12 14 15 18 19 20 21 22 25
0599 (10/01/2011) 02 04 05 06 07 09 12 13 16 18 20 21 22 23 24
0600 (13/01/2011) 01 03 05 06 08 09 10 11 16 17 18 19 22 23 25
0601 (17/01/2011) 01 03 05 06 07 09 10 11 12 13 14 16 19 20 25
0602 (20/01/2011) 01 02 05 06 07 08 09 10 11 12 13 18 22 23 25
0603 (24/01/2011) 02 04 05 06 08 10 12 13 15 16 19 20 21 22 23
0604 (27/01/2011) 01 02 06 07 09 12 13 14 15 18 19 20 22 24 25
0605 (31/01/2011) 02 03 04 05 07 10 11 13 14 16 17 18 21 23 25
0606 (03/02/2011) 02 03 06 07 08 10 12 14 15 16 18 22 23 24 25
0607 (07/02/2011) 03 05 07 09 12 15 16 17 18 19 20 21 22 24 25
0608 (10/02/2011) 01 02 03 05 07 08 10 13 14 16 17 18 19 23 25
0609 (14/02/2011) 01 02 04 07 09 10 11 12 14 15 16 19 20 23 25
0610 (17/02/2011) 01 02 04 06 07 08 10 12 13 14 15 16 21 22 25
0611 (21/02/2011) 02 03 04 05 06 08 09 13 14 16 18 19 20 21 23
0612 (24/02/2011) 01 02 03 06 07 09 10 13 15 16 17 18 19 23 25
0613 (28/02/2011) 02 05 06 07 10 11 12 13 14 16 17 20 22 23 25
0614 (03/03/2011) 01 05 06 07 09 11 12 13 16 17 18 19 20 22 23
0615 (05/03/2011) 01 02 04 07 08 11 12 17 19 20 21 22 23 24 25
0616 (10/03/2011) 01 02 06 09 10 12 15 16 17 18 19 21 22 24 25
0617 (14/03/2011) 01 02 03 04 05 07 10 14 15 16 19 21 22 24 25
0618 (17/03/2011) 01 02 04 05 06 07 09 12 13 17 19 20 21 22 24
0619 (21/03/2011) 01 03 04 07 08 09 13 14 17 18 19 20 21 23 25
0620 (24/03/2011) 01 05 06 07 10 11 12 14 15 16 18 19 20 21 22
0621 (28/03/2011) 01 02 03 05 06 08 09 10 12 15 16 20 22 24 25
0622 (31/03/2011) 02 03 04 05 06 07 09 10 11 12 13 15 17 18 21
0623 (04/04/2011) 01 02 03 04 05 08 09 10 11 12 15 20 22 23 25
0624 (07/04/2011) 01 02 04 05 06 07 09 11 12 16 17 18 20 21 24
0625 (11/04/2011) 01 02 03 06 08 10 11 13 14 15 16 17 22 23 24
0626 (14/04/2011) 01 02 03 04 05 07 08 09 11 13 17 19 21 23 24
0627 (18/04/2011) 01 02 03 04 06 10 12 14 15 17 21 22 23 24 25
0628 (20/04/2011) 02 03 04 07 08 09 10 11 13 15 18 19 22 23 25
0629 (25/04/2011) 01 02 04 05 06 07 09 12 14 15 17 19 21 22 25
0630 (28/04/2011) 01 02 04 06 07 12 13 14 17 18 20 22 23 24 25
0631 (02/05/2011) 02 03 05 07 08 09 10 13 14 16 17 18 19 20 21
0632 (05/05/2011) 01 04 06 08 10 11 13 14 16 17 20 21 22 24 25
0633 (09/05/2011) 02 03 06 07 08 09 10 12 18 20 21 22 23 24 25
0634 (12/05/2011) 02 03 04 05 09 10 11 12 14 15 18 19 20 21 22
0635 (16/05/2011) 01 04 05 06 07 08 09 11 12 13 18 19 20 22 24
0636 (19/05/2011) 01 02 03 04 06 10 12 13 14 16 19 20 21 23 25
0637 (23/05/2011) 02 04 06 07 09 13 16 17 18 19 20 21 22 23 25
0638 (26/05/2011) 01 02 03 04 09 11 13 14 16 18 19 21 23 24 25
0639 (30/05/2011) 01 02 04 05 06 08 09 10 12 16 19 20 21 22 24
0640 (02/06/2011) 01 03 04 05 09 11 13 14 16 18 19 20 21 22 23
0641 (06/06/2011) 02 03 06 07 08 09 11 13 16 18 19 20 21 22 24
0642 (09/06/2011) 01 02 04 05 08 10 11 12 13 18 19 20 21 22 25
0643 (13/06/2011) 01 02 04 07 08 09 10 13 16 17 19 21 22 23 24
0644 (16/06/2011) 02 03 05 06 07 08 09 12 13 14 15 18 21 22 24
0645 (20/06/2011) 04 05 08 09 10 11 13 16 18 19 20 21 22 23 25
0646 (24/06/2011) 01 03 05 06 09 10 14 15 17 18 19 20 21 23 25
0647 (27/06/2011) 04 06 07 08 09 11 13 14 17 18 19 20 22 23 25
0648 (30/06/2011) 02 04 06 08 09 10 11 13 15 16 18 19 20 21 22
0649 (04/07/2011) 01 02 04 05 06 08 09 10 11 14 15 17 21 22 24
0650 (07/07/2011) 01 03 07 08 10 13 14 16 17 19 20 21 23 24 25
0651 (11/07/2011) 01 04 05 06 08 10 13 14 15 17 18 19 20 24 25
0652 (14/07/2011) 02 05 07 09 10 11 13 14 16 17 18 19 20 21 23
0653 (18/07/2011) 01 02 03 07 08 12 13 14 16 17 19 20 21 22 23
0654 (21/07/2011) 01 02 03 07 12 13 14 16 17 18 19 20 22 23 25
0655 (25/07/2011) 02 05 07 08 10 11 13 14 15 19 20 21 23 24 25
0656 (28/07/2011) 02 03 05 07 08 09 11 13 14 15 18 20 22 23 25
0657 (01/08/2011) 02 03 04 05 06 08 10 12 13 15 17 19 23 24 25
0658 (04/08/2011) 01 04 05 06 07 09 10 11 14 15 17 21 23 24 25
0659 (08/08/2011) 01 03 04 05 06 08 09 10 11 12 15 19 20 23 24
0660 (11/08/2011) 03 04 05 06 07 08 09 12 14 15 16 17 19 24 25
0661 (15/08/2011) 01 03 06 07 10 11 12 15 17 18 19 20 22 23 24
0662 (18/08/2011) 01 02 03 06 07 08 09 11 13 14 15 16 19 20 22
0663 (22/08/2011) 02 04 05 06 07 09 11 13 16 17 19 21 22 23 24
0664 (25/08/2011) 01 03 04 07 10 13 14 15 16 17 18 20 21 23 24
0665 (29/08/2011) 02 03 06 07 12 13 14 15 17 18 20 21 22 24 25
