0001 (11/03/1996) 04 05 30 33 41 52
0002 (18/03/1996) 09 37 39 41 43 49
0003 (25/03/1996) 10 11 29 30 36 47
0004 (01/04/1996) 01 05 06 27 42 59
0005 (08/04/1996) 01 02 06 16 19 46
0006 (15/04/1996) 07 13 19 22 40 47
0007 (22/04/1996) 03 05 20 21 38 56
0008 (29/04/1996) 04 17 37 38 47 53
0009 (06/05/1996) 08 43 54 55 56 60
0010 (13/05/1996) 04 18 21 25 38 57
0011 (20/05/1996) 15 25 37 38 58 59
0012 (27/05/1996) 04 16 19 20 27 43
0013 (03/06/1996) 18 32 47 50 54 56
0014 (10/06/1996) 02 16 23 27 47 53
0015 (17/06/1996) 12 33 35 51 52 60
0016 (24/06/1996) 20 32 34 49 58 60
0017 (01/07/1996) 06 10 13 19 20 51
0018 (08/07/1996) 23 27 36 37 42 56
0019 (15/07/1996) 05 10 12 24 25 60
0020 (22/07/1996) 11 25 28 30 33 51
0021 (29/07/1996) 06 33 36 46 49 53
0022 (05/08/1996) 01 09 31 38 46 56
0023 (12/08/1996) 17 37 39 51 52 59
0024 (19/08/1996) 01 08 14 28 33 43
0025 (25/08/1996) 24 43 50 54 55 56
0026 (01/09/1996) 10 22 50 53 57 58
0027 (08/09/1996) 13 17 20 33 44 51
0028 (15/09/1996) 03 06 22 24 54 60
0029 (22/09/1996) 03 08 14 43 56 58
0030 (29/09/1996) 07 14 15 29 38 50
0031 (06/10/1996) 17 19 28 45 48 56
0032 (13/10/1996) 05 14 33 36 43 44
0033 (20/10/1996) 05 17 33 39 42 49
0034 (27/10/1996) 13 15 17 40 53 57
0035 (03/11/1996) 04 16 21 23 54 57
0036 (10/11/1996) 03 13 17 25 29 51
0037 (17/11/1996) 06 07 22 38 52 60
0038 (24/11/1996) 10 42 43 45 54 55
0039 (01/12/1996) 12 16 37 45 52 56
0040 (08/12/1996) 03 05 08 12 46 47
0041 (15/12/1996) 12 26 35 38 39 47
0042 (22/12/1996) 07 11 19 24 33 36
0043 (29/12/1996) 02 06 17 25 26 58
0044 (05/01/1997) 14 18 29 38 44 47
0045 (12/01/1997) 07 30 37 44 53 55
0046 (19/01/1997) 01 23 24 32 46 60
0047 (26/01/1997) 03 17 25 35 48 56
0048 (02/02/1997) 02 05 28 34 47 50
0049 (09/02/1997) 07 13 33 35 43 55
0050 (16/02/1997) 06 16 21 44 57 58
0051 (23/02/1997) 17 23 24 25 42 47
0052 (02/03/1997) 15 30 38 46 58 59
0053 (09/03/1997) 03 13 16 38 42 46
0054 (16/03/1997) 05 09 18 21 36 56
0055 (23/03/1997) 02 14 23 29 38 52
0056 (30/03/1997) 02 07 20 35 51 59
0057 (06/04/1997) 07 16 17 27 34 59
0058 (13/04/1997) 12 27 30 37 44 49
0059 (20/04/1997) 02 08 13 28 34 54
0060 (27/04/1997) 03 14 15 20 21 38
0061 (04/05/1997) 08 18 29 42 44 59
0062 (11/05/1997) 06 08 13 24 31 52
0063 (18/05/1997) 09 25 26 40 41 49
0064 (25/05/1997) 08 12 23 50 54 60
0065 (01/06/1997) 01 05 20 25 32 34
0066 (08/06/1997) 12 13 15 26 33 48
0067 (15/06/1997) 12 14 17 27 47 52
0068 (22/06/1997) 01 03 12 13 53 59
0069 (29/06/1997) 25 34 45 53 56 58
0070 (06/07/1997) 17 23 27 40 43 58
0071 (13/07/1997) 16 27 33 43 45 53
0072 (20/07/1997) 01 19 34 43 44 48
0073 (27/07/1997) 25 26 28 45 51 57
0074 (03/08/1997) 02 24 34 37 38 50
0075 (10/08/1997) 21 24 35 36 37 49
0076 (17/08/1997) 08 17 18 23 33 53
0077 (24/08/1997) 21 29 40 49 54 57
0078 (31/08/1997) 12 22 25 31 32 46
0079 (07/09/1997) 02 13 17 25 31 43
0080 (14/09/1997) 23 28 37 40 48 51
0081 (21/09/1997) 10 23 41 47 54 60
0082 (28/09/1997) 15 18 29 36 51 53
0083 (05/10/1997) 04 15 16 24 42 57
0084 (12/10/1997) 04 06 10 25 34 40
0085 (19/10/1997) 06 15 30 37 45 47
0086 (26/10/1997) 06 21 22 34 36 54
0087 (02/11/1997) 04 05 11 28 32 40
0088 (09/11/1997) 04 18 29 37 43 45
0089 (16/11/1997) 13 34 42 44 55 59
0090 (23/11/1997) 09 21 26 40 52 54
0091 (30/11/1997) 02 04 10 35 39 60
0092 (07/12/1997) 01 03 05 23 24 51
0093 (14/12/1997) 02 22 28 31 36 53
0094 (21/12/1997) 08 18 28 51 52 55
0095 (28/12/1997) 06 40 45 46 50 60
0096 (04/01/1998) 04 07 26 40 42 58
0097 (11/01/1998) 05 11 14 35 53 56
0098 (18/01/1998) 13 14 31 33 35 43
0099 (25/01/1998) 11 24 30 33 46 60
0100 (01/02/1998) 14 29 30 46 48 51
0101 (08/02/1998) 01 18 29 31 37 39
0102 (15/02/1998) 19 20 37 42 44 56
0103 (22/02/1998) 01 07 09 49 54 57
0104 (01/03/1998) 01 04 13 21 38 52
0105 (08/03/1998) 03 13 31 43 46 49
0106 (15/03/1998) 05 16 24 35 38 39
0107 (22/03/1998) 02 04 16 24 51 52
0108 (29/03/1998) 21 24 29 34 59 60
0109 (04/04/1998) 01 13 44 48 49 54
0110 (11/04/1998) 18 31 43 52 57 58
0111 (18/04/1998) 04 22 25 32 33 52
0112 (25/04/1998) 12 20 34 37 42 43
0113 (02/05/1998) 07 26 28 34 54 55
0114 (09/05/1998) 06 12 18 37 47 54
0115 (16/05/1998) 04 06 14 20 24 38
0116 (23/05/1998) 05 13 32 36 42 51
0117 (30/05/1998) 20 25 27 33 42 53
0118 (06/06/1998) 09 22 25 37 56 57
0119 (13/06/1998) 01 21 36 38 47 50
0120 (20/06/1998) 03 16 27 40 45 46
0121 (27/06/1998) 02 29 41 44 53 55
0122 (04/07/1998) 11 17 20 39 43 53
0123 (11/07/1998) 13 14 16 26 32 42
0124 (18/07/1998) 05 15 34 41 52 57
0125 (25/07/1998) 25 41 47 53 56 59
0126 (01/08/1998) 06 10 11 28 32 40
0127 (08/08/1998) 21 29 50 51 54 59
0128 (15/08/1998) 03 09 18 21 23 43
0129 (22/08/1998) 01 09 10 32 46 54
0130 (29/08/1998) 13 29 38 42 49 53
0131 (05/09/1998) 04 09 17 27 30 44
0132 (12/09/1998) 07 09 35 41 44 50
0133 (19/09/1998) 05 06 19 34 39 57
0134 (26/09/1998) 04 25 32 36 52 60
0135 (03/10/1998) 21 22 35 40 53 59
0136 (10/10/1998) 01 17 25 38 45 59
0137 (17/10/1998) 15 16 19 22 26 49
0138 (24/10/1998) 05 14 27 37 40 41
0139 (31/10/1998) 03 13 26 27 41 42
0140 (07/11/1998) 07 31 41 44 46 55
0141 (14/11/1998) 10 13 22 41 42 58
0142 (21/11/1998) 08 15 19 20 54 59
0143 (28/11/1998) 06 18 20 40 50 53
0144 (05/12/1998) 08 32 36 44 45 55
0145 (12/12/1998) 15 16 31 41 43 51
0146 (19/12/1998) 25 32 34 42 51 60
0147 (24/12/1998) 06 16 23 24 28 38
0148 (31/12/1998) 32 35 41 55 58 59
0149 (09/01/1999) 07 11 20 28 45 48
0150 (16/01/1999) 12 44 50 52 54 55
0151 (23/01/1999) 03 16 20 43 52 56
0152 (30/01/1999) 05 12 15 29 51 58
0153 (06/02/1999) 02 30 31 42 45 47
0154 (13/02/1999) 08 10 24 33 45 48
0155 (20/02/1999) 12 30 32 35 43 44
0156 (27/02/1999) 17 23 42 49 52 55
0157 (06/03/1999) 04 13 17 21 41 44
0158 (13/03/1999) 04 14 17 43 51 58
0159 (20/03/1999) 09 11 16 35 50 58
0160 (27/03/1999) 02 13 42 52 54 58
0161 (03/04/1999) 06 25 30 37 39 41
0162 (10/04/1999) 21 23 33 38 48 51
0163 (17/04/1999) 08 27 36 41 53 56
0164 (24/04/1999) 04 10 14 19 28 44
0165 (01/05/1999) 10 19 23 35 39 56
0166 (08/05/1999) 12 13 22 57 59 60
0167 (15/05/1999) 01 11 28 33 38 48
0168 (22/05/1999) 02 09 31 35 45 50
0169 (29/05/1999) 01 13 21 37 51 52
0170 (05/06/1999) 07 41 46 51 55 58
0171 (12/06/1999) 04 27 40 43 46 54
0172 (19/06/1999) 10 14 26 35 36 49
0173 (26/06/1999) 17 28 29 42 49 50
0174 (03/07/1999) 11 22 23 36 52 59
0175 (10/07/1999) 01 10 13 20 42 50
0176 (17/07/1999) 01 03 04 28 45 53
0177 (24/07/1999) 22 35 38 39 41 59
0178 (31/07/1999) 05 15 19 26 27 33
0179 (07/08/1999) 05 06 23 26 27 53
0180 (14/08/1999) 06 23 29 39 51 60
0181 (21/08/1999) 01 27 33 35 51 55
0182 (28/08/1999) 03 05 10 28 46 60
0183 (04/09/1999) 02 07 11 16 40 44
0184 (11/09/1999) 09 16 21 34 41 60
0185 (18/09/1999) 17 22 43 46 55 59
0186 (25/09/1999) 14 23 24 25 26 51
0187 (02/10/1999) 06 36 41 44 48 58
0188 (10/10/1999) 17 27 34 42 43 46
0189 (16/10/1999) 04 15 31 38 41 53
0190 (24/10/1999) 05 10 21 32 40 42
0191 (31/10/1999) 01 03 05 23 41 58
0192 (06/11/1999) 01 26 28 41 54 60
0193 (13/11/1999) 04 11 12 19 43 49
0194 (20/11/1999) 25 28 32 33 42 43
0195 (27/11/1999) 03 09 17 32 37 44
0196 (04/12/1999) 07 09 14 17 24 32
0197 (11/12/1999) 05 12 15 19 29 52
0198 (18/12/1999) 01 08 18 23 35 40
0199 (24/12/1999) 10 16 37 50 52 57
0200 (31/12/1999) 12 15 19 34 44 51
0201 (08/01/2000) 05 20 22 30 35 55
0202 (15/01/2000) 12 24 44 45 49 53
0203 (22/01/2000) 11 19 29 44 47 55
0204 (29/01/2000) 29 31 39 41 51 58
0205 (05/02/2000) 26 32 40 43 46 54
0206 (12/02/2000) 18 20 26 34 51 56
0207 (19/02/2000) 03 07 19 24 53 55
0208 (26/02/2000) 15 23 24 25 47 57
0209 (04/03/2000) 13 21 26 32 41 52
0210 (11/03/2000) 20 32 37 38 48 58
0211 (18/03/2000) 10 20 33 40 45 50
0212 (25/03/2000) 06 15 29 45 57 59
0213 (01/04/2000) 03 09 23 30 32 35
0214 (08/04/2000) 06 12 30 31 35 50
0215 (15/04/2000) 07 28 37 46 53 58
0216 (22/04/2000) 14 18 30 35 42 59
0217 (29/04/2000) 03 27 32 45 49 51
0218 (06/05/2000) 12 17 40 42 47 54
0219 (13/05/2000) 23 26 28 36 42 49
0220 (20/05/2000) 13 14 36 53 55 60
0221 (27/05/2000) 13 27 43 50 54 58
0222 (03/06/2000) 05 19 30 48 52 55
0223 (10/06/2000) 02 06 22 24 28 58
0224 (17/06/2000) 07 16 18 20 21 44
0225 (24/06/2000) 02 04 16 21 37 58
0226 (01/07/2000) 01 02 38 49 50 59
0227 (08/07/2000) 11 26 27 37 42 48
0228 (15/07/2000) 13 16 40 43 45 59
0229 (22/07/2000) 11 13 21 33 39 45
0230 (29/07/2000) 08 40 41 44 53 56
0231 (05/08/2000) 16 27 36 42 44 59
0232 (12/08/2000) 19 22 29 37 41 59
0233 (19/08/2000) 03 07 24 32 36 45
0234 (26/08/2000) 15 25 41 42 45 54
0235 (02/09/2000) 02 22 29 31 41 55
0236 (09/09/2000) 10 25 50 52 57 60
0237 (16/09/2000) 07 31 36 45 56 57
0238 (23/09/2000) 09 13 15 37 41 42
0239 (30/09/2000) 06 21 33 44 46 47
0240 (07/10/2000) 25 28 38 41 57 59
0241 (14/10/2000) 11 31 35 40 56 57
0242 (21/10/2000) 04 07 21 22 28 56
0243 (28/10/2000) 11 16 20 23 32 47
0244 (04/11/2000) 19 24 33 47 50 60
0245 (11/11/2000) 08 27 44 51 53 60
0246 (18/11/2000) 02 16 32 37 43 57
0247 (25/11/2000) 03 10 23 30 34 46
0248 (02/12/2000) 16 32 34 35 41 56
0249 (09/12/2000) 21 36 40 49 54 55
0250 (16/12/2000) 07 25 41 42 43 55
0251 (23/12/2000) 15 23 30 34 49 55
0252 (30/12/2000) 04 17 26 32 51 54
0253 (06/01/2001) 11 12 24 37 44 56
0254 (13/01/2001) 01 04 21 22 30 56
0255 (20/01/2001) 16 19 20 32 44 55
0256 (27/01/2001) 02 21 26 32 34 52
0257 (03/02/2001) 01 04 05 19 28 34
0258 (10/02/2001) 07 12 50 54 55 60
0259 (17/02/2001) 13 15 20 33 43 58
0260 (24/02/2001) 04 06 33 43 59 60
0261 (03/03/2001) 05 16 20 30 54 56
0262 (10/03/2001) 11 20 48 53 58 60
0263 (17/03/2001) 08 09 26 43 50 53
0264 (24/03/2001) 01 05 13 25 31 33
0265 (31/03/2001) 07 16 34 41 50 53
0266 (07/04/2001) 02 23 38 46 48 54
0267 (14/04/2001) 01 08 45 46 55 58
0268 (21/04/2001) 05 06 10 21 33 47
0269 (28/04/2001) 17 18 19 25 49 52
0270 (05/05/2001) 05 09 27 35 40 45
0271 (12/05/2001) 14 24 26 29 31 54
0272 (19/05/2001) 09 10 24 36 56 58
0273 (26/05/2001) 10 17 23 27 47 52
0274 (02/06/2001) 11 13 18 26 39 47
0275 (09/06/2001) 16 19 30 37 38 48
0276 (16/06/2001) 22 39 45 53 57 59
0277 (23/06/2001) 04 26 38 40 52 56
0278 (30/06/2001) 10 15 18 22 31 55
0279 (07/07/2001) 04 23 31 47 58 59
0280 (14/07/2001) 05 16 20 25 30 58
0281 (21/07/2001) 05 11 31 38 47 53
0282 (28/07/2001) 09 14 23 24 33 36
0283 (01/08/2001) 25 28 34 42 48 54
0284 (04/08/2001) 07 08 14 30 32 36
0285 (08/08/2001) 12 32 37 41 50 56
0286 (11/08/2001) 29 35 37 44 47 56
0287 (15/08/2001) 03 13 25 33 47 60
0288 (18/08/2001) 06 09 11 17 18 50
0289 (22/08/2001) 06 07 20 25 30 36
0290 (25/08/2001) 07 25 26 30 40 57
0291 (29/08/2001) 05 16 17 18 22 41
0292 (01/09/2001) 13 23 24 34 45 53
0293 (05/09/2001) 05 06 07 12 28 35
0294 (08/09/2001) 22 25 28 41 45 57
0295 (12/09/2001) 07 12 24 31 44 50
0296 (15/09/2001) 03 20 42 46 51 52
0297 (19/09/2001) 01 20 28 33 36 41
0298 (22/09/2001) 05 22 23 24 34 60
0299 (26/09/2001) 02 05 07 33 49 53
0300 (29/09/2001) 24 27 28 38 41 57
0301 (03/10/2001) 09 26 48 49 57 58
0302 (06/10/2001) 12 25 30 40 41 60
0303 (10/10/2001) 07 13 17 30 37 47
0304 (13/10/2001) 07 11 34 41 42 59
0305 (17/10/2001) 05 11 27 38 53 60
0306 (20/10/2001) 19 30 41 47 56 57
0307 (24/10/2001) 13 16 17 26 41 44
0308 (27/10/2001) 04 11 25 29 39 55
0309 (31/10/2001) 04 11 25 39 50 55
0310 (03/11/2001) 02 14 28 29 31 32
0311 (07/11/2001) 22 24 30 32 38 41
0312 (10/11/2001) 14 23 30 41 47 50
0313 (14/11/2001) 14 16 24 37 38 53
0314 (17/11/2001) 05 32 34 37 40 58
0315 (21/11/2001) 12 21 22 28 43 50
0316 (24/11/2001) 06 24 28 43 51 56
0317 (28/11/2001) 16 20 27 30 35 48
0318 (01/12/2001) 03 19 20 31 40 53
0319 (05/12/2001) 12 16 17 19 23 48
0320 (08/12/2001) 20 22 27 47 50 53
0321 (12/12/2001) 04 11 31 32 48 49
0322 (15/12/2001) 11 18 29 44 47 56
0323 (19/12/2001) 26 31 33 40 49 54
0324 (22/12/2001) 08 15 22 25 30 47
0325 (29/12/2001) 01 03 04 21 23 53
0326 (05/01/2002) 21 23 40 44 51 52
0327 (09/01/2002) 29 32 33 38 46 48
0328 (12/01/2002) 05 07 14 21 23 51
0329 (16/01/2002) 10 11 12 24 35 40
0330 (19/01/2002) 02 04 14 23 37 51
0331 (23/01/2002) 01 13 20 27 35 37
0332 (26/01/2002) 23 28 29 34 42 44
0333 (30/01/2002) 04 27 35 44 52 53
0334 (02/02/2002) 14 23 24 26 41 51
0335 (06/02/2002) 07 23 33 43 57 59
0336 (09/02/2002) 02 18 22 26 30 54
0337 (16/02/2002) 04 14 16 31 52 54
0338 (20/02/2002) 01 04 09 36 46 48
0339 (23/02/2002) 05 12 13 16 27 50
0340 (27/02/2002) 09 10 12 33 42 60
0341 (02/03/2002) 05 16 22 23 43 56
0342 (06/03/2002) 16 29 34 49 51 54
0343 (09/03/2002) 04 06 07 12 24 41
0344 (13/03/2002) 10 12 14 33 35 36
0345 (16/03/2002) 11 22 46 51 56 58
0346 (20/03/2002) 07 12 41 46 56 60
0347 (23/03/2002) 01 10 12 26 48 52
0348 (27/03/2002) 19 30 33 39 40 52
0349 (30/03/2002) 08 09 28 32 38 54
0350 (03/04/2002) 10 15 23 30 43 57
0351 (06/04/2002) 15 16 24 41 59 60
0352 (10/04/2002) 07 20 25 44 47 49
0353 (13/04/2002) 19 23 30 46 55 60
0354 (17/04/2002) 07 16 38 40 41 52
0355 (20/04/2002) 02 14 22 23 37 60
0356 (24/04/2002) 05 19 21 54 56 58
0357 (27/04/2002) 02 30 32 35 45 53
0358 (04/05/2002) 12 17 21 32 40 42
0359 (08/05/2002) 13 19 20 29 31 54
0360 (11/05/2002) 23 24 29 47 53 55
0361 (15/05/2002) 16 28 31 41 45 59
0362 (18/05/2002) 07 20 33 37 46 56
0363 (22/05/2002) 19 29 39 47 49 54
0364 (25/05/2002) 05 29 44 51 57 59
0365 (29/05/2002) 19 23 34 37 52 58
0366 (01/06/2002) 04 06 07 15 21 51
0367 (05/06/2002) 10 12 27 33 49 52
0368 (08/06/2002) 13 29 32 38 44 50
0369 (12/06/2002) 01 14 21 35 42 60
0370 (15/06/2002) 01 04 40 42 51 54
0371 (19/06/2002) 04 18 23 33 39 60
0372 (22/06/2002) 16 17 24 39 46 57
0373 (26/06/2002) 01 05 10 24 31 33
0374 (29/06/2002) 02 05 16 26 44 54
0375 (03/07/2002) 01 05 09 42 51 58
0376 (06/07/2002) 10 13 25 35 43 48
0377 (10/07/2002) 03 12 19 27 45 46
0378 (13/07/2002) 05 38 41 45 48 55
0379 (17/07/2002) 24 33 40 41 55 59
0380 (20/07/2002) 13 22 30 31 47 57
0381 (24/07/2002) 09 10 28 46 55 56
0382 (27/07/2002) 31 34 37 38 53 54
0383 (31/07/2002) 14 22 48 50 53 56
0384 (03/08/2002) 24 28 40 47 50 52
0385 (07/08/2002) 05 12 16 18 22 24
0386 (10/08/2002) 17 35 36 39 43 54
0387 (14/08/2002) 22 28 29 43 47 48
0388 (17/08/2002) 23 36 48 52 53 58
0389 (21/08/2002) 05 14 18 43 46 54
0390 (24/08/2002) 07 12 22 34 38 53
0391 (28/08/2002) 04 07 15 16 35 40
0392 (31/08/2002) 15 23 31 39 47 49
0393 (04/09/2002) 06 12 35 36 40 50
0394 (07/09/2002) 05 15 35 42 45 49
0395 (11/09/2002) 10 11 14 20 31 58
0396 (14/09/2002) 06 18 34 42 45 47
0397 (18/09/2002) 01 02 05 24 32 46
0398 (21/09/2002) 07 16 22 28 36 37
0399 (25/09/2002) 11 16 27 47 55 59
0400 (28/09/2002) 10 13 28 29 54 59
0401 (02/10/2002) 11 18 43 44 50 53
0402 (05/10/2002) 05 16 27 43 56 58
0403 (09/10/2002) 07 16 27 31 46 60
0404 (12/10/2002) 01 24 28 38 40 58
0405 (16/10/2002) 24 29 34 47 57 60
0406 (19/10/2002) 02 12 32 38 47 48
0407 (23/10/2002) 02 18 22 49 51 57
0408 (26/10/2002) 14 28 33 44 49 56
0409 (30/10/2002) 18 25 26 31 34 49
0410 (02/11/2002) 08 24 31 36 38 55
0411 (06/11/2002) 10 12 31 38 45 56
0412 (09/11/2002) 05 12 14 21 45 59
0413 (13/11/2002) 02 04 29 33 35 53
0414 (16/11/2002) 16 26 35 45 52 58
0415 (20/11/2002) 01 04 27 38 42 44
0416 (23/11/2002) 01 13 23 33 54 56
0417 (27/11/2002) 07 12 21 25 34 42
0418 (30/11/2002) 08 15 32 45 49 52
0419 (04/12/2002) 09 16 41 42 52 53
0420 (07/12/2002) 12 29 30 43 57 59
0421 (11/12/2002) 05 35 37 38 45 51
0422 (14/12/2002) 12 37 43 55 56 60
0423 (18/12/2002) 08 22 32 33 40 53
0424 (21/12/2002) 18 27 29 36 46 59
0425 (28/12/2002) 06 10 16 34 42 47
0426 (04/01/2003) 07 30 32 37 50 54
0427 (08/01/2003) 03 13 14 24 43 51
0428 (11/01/2003) 08 28 30 32 46 60
0429 (15/01/2003) 17 26 32 36 43 55
0430 (18/01/2003) 08 10 21 25 38 50
0431 (22/01/2003) 26 37 40 47 52 58
0432 (25/01/2003) 04 13 17 27 39 50
0433 (29/01/2003) 16 17 28 30 36 54
0434 (01/02/2003) 04 10 17 24 30 54
0435 (05/02/2003) 10 11 17 31 37 43
0436 (08/02/2003) 01 06 07 29 48 57
0437 (12/02/2003) 07 10 30 44 54 59
0438 (15/02/2003) 03 05 11 14 38 48
0439 (19/02/2003) 13 20 29 42 43 57
0440 (22/02/2003) 03 05 23 30 46 47
0441 (26/02/2003) 02 10 15 21 58 59
0442 (01/03/2003) 06 15 23 31 37 59
0443 (08/03/2003) 11 17 26 36 48 52
0444 (12/03/2003) 03 24 33 48 52 57
0445 (15/03/2003) 07 20 31 32 50 53
0446 (19/03/2003) 08 11 12 17 20 47
0447 (22/03/2003) 15 24 25 33 42 55
0448 (26/03/2003) 03 05 09 45 51 52
0449 (29/03/2003) 01 08 24 34 49 56
0450 (02/04/2003) 01 09 13 50 51 59
0451 (05/04/2003) 17 18 23 28 31 53
0452 (09/04/2003) 11 16 30 36 51 54
0453 (12/04/2003) 08 20 23 34 52 58
0454 (16/04/2003) 04 17 24 42 46 56
0455 (19/04/2003) 02 14 15 17 50 59
0456 (23/04/2003) 03 17 22 27 33 40
0457 (26/04/2003) 15 17 24 27 32 48
0458 (30/04/2003) 13 24 32 34 43 53
0459 (03/05/2003) 08 15 17 39 43 49
0460 (07/05/2003) 19 23 30 37 49 55
0461 (10/05/2003) 15 17 20 29 30 60
0462 (14/05/2003) 17 19 22 26 27 48
0463 (17/05/2003) 02 03 07 18 45 53
0464 (21/05/2003) 06 24 33 38 45 50
0465 (24/05/2003) 01 22 31 46 51 57
0466 (28/05/2003) 11 16 28 29 30 45
0467 (31/05/2003) 08 18 21 22 38 60
0468 (04/06/2003) 05 06 23 25 39 51
0469 (07/06/2003) 13 21 26 29 42 47
0470 (11/06/2003) 08 11 23 37 51 58
0471 (14/06/2003) 05 31 32 36 51 59
0472 (18/06/2003) 03 04 12 29 38 51
0473 (21/06/2003) 07 23 41 49 51 58
0474 (25/06/2003) 03 12 32 34 40 50
0475 (28/06/2003) 06 08 19 22 43 52
0476 (02/07/2003) 17 20 38 43 55 58
0477 (05/07/2003) 06 08 18 34 38 47
0478 (09/07/2003) 03 08 21 25 30 31
0479 (12/07/2003) 20 26 41 46 54 58
0480 (16/07/2003) 14 33 36 38 41 49
0481 (19/07/2003) 06 13 22 24 42 44
0482 (23/07/2003) 12 13 33 53 54 56
0483 (26/07/2003) 16 18 23 35 44 59
0484 (30/07/2003) 17 18 19 38 49 53
0485 (02/08/2003) 19 28 30 38 52 57
0486 (06/08/2003) 08 14 19 30 42 50
0487 (09/08/2003) 08 22 25 48 52 54
0488 (13/08/2003) 15 30 35 39 43 57
0489 (16/08/2003) 17 28 33 36 53 59
0490 (20/08/2003) 05 11 23 29 54 58
0491 (23/08/2003) 01 09 15 22 43 55
0492 (27/08/2003) 02 06 15 18 56 57
0493 (30/08/2003) 03 18 20 24 42 54
0494 (03/09/2003) 18 20 28 32 49 53
0495 (06/09/2003) 08 15 29 36 49 60
0496 (10/09/2003) 10 19 20 29 41 59
0497 (13/09/2003) 09 13 20 32 41 58
0498 (17/09/2003) 02 06 28 49 50 57
0499 (20/09/2003) 01 04 05 11 44 59
0500 (27/09/2003) 21 29 35 36 38 54
0501 (01/10/2003) 16 27 28 34 39 56
0502 (04/10/2003) 07 13 21 24 33 50
0503 (08/10/2003) 07 10 21 27 48 49
0504 (11/10/2003) 08 11 19 30 39 50
0505 (15/10/2003) 03 20 28 46 47 52
0506 (18/10/2003) 04 15 31 34 37 38
0507 (22/10/2003) 03 05 27 33 44 58
0508 (25/10/2003) 05 10 15 45 46 56
0509 (29/10/2003) 28 32 33 34 35 55
0510 (01/11/2003) 01 04 30 41 45 58
0511 (05/11/2003) 03 04 08 34 36 37
0512 (08/11/2003) 04 08 31 40 53 58
0513 (12/11/2003) 10 19 27 33 39 46
0514 (15/11/2003) 15 36 40 42 51 52
0515 (19/11/2003) 15 16 39 45 48 57
0516 (22/11/2003) 05 13 24 33 34 35
0517 (26/11/2003) 07 08 28 32 38 51
0518 (29/11/2003) 05 08 10 15 18 44
0519 (03/12/2003) 09 15 19 22 36 42
0520 (06/12/2003) 09 12 17 32 34 35
0521 (10/12/2003) 15 25 28 32 38 45
0522 (13/12/2003) 06 14 15 25 49 52
0523 (17/12/2003) 28 39 40 44 45 58
0524 (20/12/2003) 19 29 34 41 47 48
0525 (27/12/2003) 08 10 24 26 32 49
0526 (03/01/2004) 03 21 31 36 55 59
0527 (07/01/2004) 06 14 17 26 50 52
0528 (10/01/2004) 08 12 28 31 34 37
0529 (14/01/2004) 01 13 33 38 45 56
0530 (17/01/2004) 01 06 21 25 32 49
0531 (21/01/2004) 01 03 07 18 35 50
0532 (24/01/2004) 04 09 12 13 52 53
0533 (28/01/2004) 13 18 21 27 53 59
0534 (31/01/2004) 03 08 23 31 48 57
0535 (04/02/2004) 06 14 28 47 49 56
0536 (07/02/2004) 14 15 22 23 25 37
0537 (11/02/2004) 03 07 19 34 37 39
0538 (14/02/2004) 03 25 43 45 52 56
0539 (18/02/2004) 06 16 19 47 50 55
0540 (21/02/2004) 04 22 28 30 44 49
0541 (28/02/2004) 13 27 49 52 57 58
0542 (03/03/2004) 04 06 19 28 35 49
0543 (06/03/2004) 35 37 42 46 49 54
0544 (10/03/2004) 11 17 33 34 47 56
0545 (13/03/2004) 17 29 35 40 43 57
0546 (17/03/2004) 04 05 13 17 46 54
0547 (20/03/2004) 04 13 28 30 53 59
0548 (24/03/2004) 14 47 49 51 58 59
0549 (27/03/2004) 08 13 22 46 51 58
0550 (31/03/2004) 16 17 38 39 45 56
0551 (03/04/2004) 12 21 46 48 56 57
0552 (07/04/2004) 09 22 47 49 52 54
0553 (10/04/2004) 04 43 46 53 54 58
0554 (14/04/2004) 15 29 31 42 47 60
0555 (17/04/2004) 05 23 31 33 45 49
0556 (21/04/2004) 08 10 17 30 33 45
0557 (24/04/2004) 08 12 18 23 38 49
0558 (28/04/2004) 07 14 31 57 58 59
0559 (01/05/2004) 06 13 17 25 36 53
0560 (05/05/2004) 02 11 18 30 32 58
0561 (08/05/2004) 01 20 36 39 49 55
0562 (12/05/2004) 16 23 35 37 55 57
0563 (15/05/2004) 05 08 23 34 44 51
0564 (19/05/2004) 10 13 20 32 38 49
0565 (22/05/2004) 07 31 34 35 37 45
0566 (26/05/2004) 06 13 17 18 20 37
0567 (29/05/2004) 11 31 38 41 57 58
0568 (02/06/2004) 13 17 22 25 29 41
0569 (05/06/2004) 03 09 14 15 32 57
0570 (09/06/2004) 15 32 33 35 36 51
0571 (12/06/2004) 12 13 14 31 50 51
0572 (16/06/2004) 03 09 16 20 33 60
0573 (19/06/2004) 06 17 22 29 40 59
0574 (23/06/2004) 02 10 17 23 32 44
0575 (26/06/2004) 05 18 21 29 35 48
0576 (30/06/2004) 07 08 18 39 43 52
0577 (03/07/2004) 08 23 24 28 31 47
0578 (07/07/2004) 03 18 23 48 56 58
0579 (10/07/2004) 04 09 15 17 34 39
0580 (14/07/2004) 15 16 18 28 38 47
0581 (17/07/2004) 14 17 25 30 39 52
0582 (21/07/2004) 13 29 40 45 51 59
0583 (24/07/2004) 06 07 20 41 43 55
0584 (28/07/2004) 07 08 23 30 32 53
0585 (31/07/2004) 12 24 33 36 39 57
0586 (04/08/2004) 11 13 38 39 45 54
0587 (07/08/2004) 02 18 29 30 36 60
0588 (11/08/2004) 11 13 45 46 53 55
0589 (14/08/2004) 06 07 08 13 33 59
0590 (18/08/2004) 04 05 18 25 28 51
0591 (21/08/2004) 01 03 18 34 50 58
0592 (25/08/2004) 13 14 42 47 55 59
0593 (28/08/2004) 01 25 27 29 49 59
0594 (01/09/2004) 10 13 29 47 53 55
0595 (04/09/2004) 01 02 25 43 50 54
0596 (08/09/2004) 11 14 28 43 54 60
0597 (11/09/2004) 22 27 29 40 42 56
0598 (15/09/2004) 05 16 34 38 50 53
0599 (18/09/2004) 04 06 09 23 45 51
0600 (22/09/2004) 16 18 31 34 39 54
0601 (25/09/2004) 10 19 22 29 30 37
0602 (29/09/2004) 07 13 38 46 55 60
0603 (02/10/2004) 04 08 11 12 29 44
0604 (06/10/2004) 15 25 41 46 49 51
0605 (09/10/2004) 04 24 44 49 52 53
0606 (13/10/2004) 06 23 32 35 41 55
0607 (16/10/2004) 06 11 19 27 41 59
0608 (20/10/2004) 06 13 19 24 30 37
0609 (23/10/2004) 02 06 15 58 59 60
0610 (27/10/2004) 25 30 43 45 47 49
0611 (30/10/2004) 16 21 22 33 48 49
0612 (03/11/2004) 15 18 33 50 53 55
0613 (06/11/2004) 06 13 19 44 54 55
0614 (10/11/2004) 12 16 31 48 57 60
0615 (13/11/2004) 05 08 10 27 31 51
0616 (17/11/2004) 02 12 16 24 26 54
0617 (20/11/2004) 03 05 25 33 36 49
0618 (24/11/2004) 03 08 10 13 24 60
0619 (27/11/2004) 08 12 14 16 19 46
0620 (01/12/2004) 01 03 13 22 29 32
0621 (04/12/2004) 26 29 31 49 50 57
0622 (08/12/2004) 19 27 29 38 50 59
0623 (11/12/2004) 09 23 30 42 49 55
0624 (15/12/2004) 08 23 34 39 43 52
0625 (18/12/2004) 12 24 32 40 42 59
0626 (22/12/2004) 07 08 18 22 39 49
0627 (29/12/2004) 01 13 19 45 56 58
0628 (05/01/2005) 08 16 22 30 56 58
0629 (08/01/2005) 15 16 39 40 47 51
0630 (12/01/2005) 12 16 20 45 53 60
0631 (15/01/2005) 01 20 28 32 44 47
0632 (19/01/2005) 02 19 28 48 51 54
0633 (22/01/2005) 05 11 22 27 46 50
0634 (26/01/2005) 10 13 24 41 42 56
0635 (29/01/2005) 08 20 26 37 42 49
0636 (02/02/2005) 26 28 30 32 34 50
0637 (05/02/2005) 11 18 43 48 52 58
0638 (12/02/2005) 10 11 36 41 42 50
0639 (16/02/2005) 13 35 39 45 51 60
0640 (19/02/2005) 12 19 42 46 59 60
0641 (23/02/2005) 01 09 13 17 33 34
0642 (26/02/2005) 17 36 40 44 51 56
0643 (02/03/2005) 14 24 37 40 42 45
0644 (05/03/2005) 14 27 29 31 34 57
0645 (09/03/2005) 03 24 48 52 53 54
0646 (12/03/2005) 10 13 32 47 49 60
0647 (16/03/2005) 11 12 14 19 54 56
0648 (19/03/2005) 05 23 29 42 45 48
0649 (23/03/2005) 09 24 33 41 48 54
0650 (26/03/2005) 10 24 25 29 53 59
0651 (30/03/2005) 26 28 39 45 48 60
0652 (02/04/2005) 10 18 20 24 56 57
0653 (06/04/2005) 05 09 19 24 31 34
0654 (09/04/2005) 06 10 11 40 41 56
0655 (13/04/2005) 01 26 37 39 43 48
0656 (16/04/2005) 35 36 37 46 51 59
0657 (20/04/2005) 16 20 33 58 59 60
0658 (23/04/2005) 03 06 11 20 36 41
0659 (27/04/2005) 14 29 34 40 51 52
0660 (30/04/2005) 05 11 38 46 53 54
0661 (04/05/2005) 04 27 36 40 42 55
0662 (07/05/2005) 04 18 23 25 56 60
0663 (11/05/2005) 01 27 30 49 51 55
0664 (14/05/2005) 01 12 36 38 55 59
0665 (18/05/2005) 07 08 18 25 47 48
0666 (21/05/2005) 07 16 26 29 45 55
0667 (25/05/2005) 01 04 05 16 23 49
0668 (28/05/2005) 01 02 14 33 49 56
0669 (01/06/2005) 07 24 27 40 41 49
0670 (04/06/2005) 22 37 42 48 58 59
0671 (08/06/2005) 09 16 27 38 39 51
0672 (11/06/2005) 24 28 34 38 43 53
0673 (15/06/2005) 06 11 20 34 37 40
0674 (18/06/2005) 18 22 29 32 38 42
0675 (22/06/2005) 24 25 30 42 43 50
0676 (25/06/2005) 09 15 32 41 42 49
0677 (29/06/2005) 08 10 25 32 48 55
0678 (02/07/2005) 14 31 40 42 44 46
0679 (06/07/2005) 03 21 25 37 54 58
0680 (09/07/2005) 02 03 05 22 26 44
0681 (13/07/2005) 21 25 38 53 58 59
0682 (16/07/2005) 04 27 36 37 47 60
0683 (20/07/2005) 02 11 12 35 40 43
0684 (23/07/2005) 17 19 33 37 40 50
0685 (27/07/2005) 05 12 27 33 43 56
0686 (30/07/2005) 04 05 15 26 33 54
0687 (03/08/2005) 01 07 14 41 48 59
0688 (06/08/2005) 11 21 30 35 47 52
0689 (10/08/2005) 06 07 31 49 51 60
0690 (13/08/2005) 08 12 15 41 47 53
0691 (17/08/2005) 08 16 37 50 55 58
0692 (20/08/2005) 11 18 33 57 58 60
0693 (24/08/2005) 13 14 17 31 41 50
0694 (27/08/2005) 15 19 29 37 41 53
0695 (31/08/2005) 06 11 13 21 40 52
0696 (03/09/2005) 09 16 34 37 53 57
0697 (10/09/2005) 28 31 32 35 51 53
0698 (14/09/2005) 08 12 22 27 43 55
0699 (19/09/2005) 17 23 48 50 53 54
0700 (21/09/2005) 02 03 14 24 31 40
0701 (24/09/2005) 01 13 23 31 48 60
0702 (28/09/2005) 01 18 45 56 57 58
0703 (01/10/2005) 02 11 24 27 30 45
0704 (05/10/2005) 02 04 18 27 34 50
0705 (08/10/2005) 03 11 13 15 26 43
0706 (15/10/2005) 02 07 10 17 22 60
0707 (19/10/2005) 01 08 10 36 43 51
0708 (22/10/2005) 07 09 13 39 45 47
0709 (26/10/2005) 04 06 09 22 29 44
0710 (29/10/2005) 05 25 34 39 46 49
0711 (05/11/2005) 05 10 33 40 41 59
0712 (09/11/2005) 07 08 35 43 53 58
0713 (12/11/2005) 01 12 16 26 46 54
0714 (16/11/2005) 07 08 17 35 39 53
0715 (19/11/2005) 04 12 24 33 36 54
0716 (23/11/2005) 02 07 16 29 32 50
0717 (26/11/2005) 06 17 23 28 35 41
0718 (30/11/2005) 07 21 33 35 39 58
0719 (03/12/2005) 03 32 37 39 47 53
0720 (07/12/2005) 12 31 44 51 54 56
0721 (10/12/2005) 03 14 23 25 36 55
0722 (14/12/2005) 09 18 36 44 57 60
0723 (17/12/2005) 01 06 16 36 50 52
0724 (21/12/2005) 17 27 34 48 51 55
0725 (31/12/2005) 03 09 35 37 41 49
0726 (04/01/2006) 01 05 07 37 40 47
0727 (07/01/2006) 04 12 14 30 42 59
0728 (11/01/2006) 08 13 24 32 42 44
0729 (14/01/2006) 05 18 33 43 56 57
0730 (18/01/2006) 02 15 16 45 50 54
0731 (21/01/2006) 06 15 16 23 28 35
0732 (25/01/2006) 06 17 19 49 50 53
0733 (28/01/2006) 02 12 26 31 43 46
0734 (01/02/2006) 27 29 43 44 45 54
0735 (04/02/2006) 09 15 38 40 42 52
0736 (08/02/2006) 01 21 38 41 49 56
0737 (11/02/2006) 11 12 24 32 33 38
0738 (15/02/2006) 14 15 26 30 42 54
0739 (18/02/2006) 06 10 35 45 49 56
0740 (22/02/2006) 12 16 28 29 47 50
0741 (25/02/2006) 24 26 27 36 39 59
0742 (01/03/2006) 02 07 17 34 41 50
0743 (04/03/2006) 20 23 25 32 54 60
0744 (08/03/2006) 04 12 23 26 39 46
0745 (11/03/2006) 02 16 21 37 43 57
0746 (15/03/2006) 01 10 12 25 49 57
0747 (18/03/2006) 02 03 12 21 23 56
0748 (22/03/2006) 01 02 07 19 35 51
0749 (25/03/2006) 04 24 47 48 50 57
0750 (29/03/2006) 10 17 33 42 54 58
0751 (01/04/2006) 04 07 20 25 38 50
0752 (05/04/2006) 04 23 24 25 29 42
0753 (08/04/2006) 02 07 22 35 43 59
0754 (12/04/2006) 03 04 13 34 42 50
0755 (15/04/2006) 04 12 30 47 49 59
0756 (19/04/2006) 05 27 37 38 41 50
0757 (22/04/2006) 12 17 18 30 32 58
0758 (26/04/2006) 01 23 36 43 47 59
0759 (29/04/2006) 30 31 39 45 48 59
0760 (03/05/2006) 12 17 44 45 46 60
0761 (06/05/2006) 13 17 27 29 40 56
0762 (10/05/2006) 09 12 21 37 39 54
0763 (13/05/2006) 01 09 26 40 47 48
0764 (18/05/2006) 03 07 45 47 53 55
0765 (21/05/2006) 03 10 16 30 37 50
0766 (24/05/2006) 01 19 24 42 50 58
0767 (27/05/2006) 15 22 32 38 50 54
0768 (31/05/2006) 04 08 30 33 37 59
0769 (03/06/2006) 12 16 20 21 29 50
0770 (07/06/2006) 04 12 25 34 35 48
0771 (10/06/2006) 14 21 29 34 46 47
0772 (14/06/2006) 10 35 38 51 52 60
0773 (17/06/2006) 03 05 14 29 34 51
0774 (21/06/2006) 05 10 37 46 54 58
0775 (24/06/2006) 12 27 42 46 47 50
0776 (28/06/2006) 03 15 35 41 57 60
0777 (01/07/2006) 02 14 23 28 50 56
0778 (05/07/2006) 20 31 36 37 45 51
0779 (08/07/2006) 25 26 29 36 52 54
0780 (12/07/2006) 07 10 28 50 51 59
0781 (15/07/2006) 08 10 13 39 54 56
0782 (19/07/2006) 02 11 23 35 42 59
0783 (22/07/2006) 04 08 21 32 43 48
0784 (26/07/2006) 08 27 37 42 53 56
0785 (29/07/2006) 05 08 17 35 37 48
0786 (02/08/2006) 10 11 26 27 31 41
0787 (05/08/2006) 20 31 34 37 54 60
0788 (09/08/2006) 17 19 29 31 44 57
0789 (12/08/2006) 06 31 38 39 50 60
0790 (16/08/2006) 02 06 19 22 28 43
0791 (19/08/2006) 09 14 19 35 42 58
0792 (23/08/2006) 09 29 34 43 45 56
0793 (26/08/2006) 03 15 16 33 51 57
0794 (30/08/2006) 03 38 42 47 55 56
0795 (02/09/2006) 14 21 26 29 36 48
0796 (06/09/2006) 05 19 24 34 39 43
0797 (09/09/2006) 06 12 47 48 52 58
0798 (13/09/2006) 03 04 09 29 32 52
0799 (16/09/2006) 19 29 35 42 55 57
0800 (20/09/2006) 01 07 11 37 38 56
0801 (23/09/2006) 11 19 20 22 42 48
0802 (27/09/2006) 06 14 18 24 48 60
0803 (30/09/2006) 03 05 10 21 28 57
0804 (04/10/2006) 03 13 37 47 56 59
0805 (07/10/2006) 02 30 36 43 48 60
0806 (12/10/2006) 18 26 35 41 47 60
0807 (14/10/2006) 02 08 27 32 49 56
0808 (18/10/2006) 02 15 21 31 46 57
0809 (21/10/2006) 05 11 15 23 25 30
0810 (25/10/2006) 01 04 05 33 37 48
0811 (28/10/2006) 10 28 32 41 47 57
0812 (01/11/2006) 11 13 38 39 54 57
0813 (04/11/2006) 09 15 23 45 46 56
0814 (08/11/2006) 02 08 11 41 46 50
0815 (11/11/2006) 09 19 37 39 50 57
0816 (16/11/2006) 20 21 30 40 47 52
0817 (18/11/2006) 10 29 30 34 43 52
0818 (22/11/2006) 08 09 22 25 41 44
0819 (25/11/2006) 05 19 25 46 51 58
0820 (29/11/2006) 10 17 21 32 45 46
0821 (02/12/2006) 04 29 33 36 38 42
0822 (06/12/2006) 04 10 17 27 41 52
0823 (09/12/2006) 01 15 26 51 54 59
0824 (13/12/2006) 06 07 09 20 33 48
0825 (16/12/2006) 10 21 28 40 41 47
0826 (19/12/2006) 06 07 08 27 45 53
0827 (21/12/2006) 18 24 30 42 51 56
0828 (23/12/2006) 23 28 38 42 50 53
0829 (31/12/2006) 10 14 32 47 50 56
0830 (03/01/2007) 02 13 41 49 51 53
0831 (06/01/2007) 03 32 33 42 48 50
0832 (10/01/2007) 15 17 23 33 39 49
0833 (13/01/2007) 13 16 46 53 57 58
0834 (17/01/2007) 10 16 17 34 44 51
0835 (20/01/2007) 18 31 33 49 57 58
0836 (24/01/2007) 17 22 28 38 52 59
0837 (27/01/2007) 05 06 16 24 34 60
0838 (31/01/2007) 09 23 30 38 44 47
0839 (03/02/2007) 07 08 11 18 37 43
0840 (07/02/2007) 17 29 31 35 43 59
0841 (10/02/2007) 07 22 32 36 38 51
0842 (14/02/2007) 07 09 30 44 51 60
0843 (17/02/2007) 01 16 34 36 45 48
0844 (24/02/2007) 16 24 34 44 54 57
0845 (28/02/2007) 14 19 20 40 48 52
0846 (03/03/2007) 02 03 44 47 50 54
0847 (07/03/2007) 14 15 27 42 44 48
0848 (10/03/2007) 17 27 32 34 47 56
0849 (14/03/2007) 08 09 39 44 49 58
0850 (17/03/2007) 07 22 25 44 59 60
0851 (21/03/2007) 03 16 19 32 35 58
0852 (24/03/2007) 06 14 23 34 38 44
0853 (28/03/2007) 30 38 46 51 56 59
0854 (31/03/2007) 03 17 24 25 27 44
0855 (04/04/2007) 03 24 31 42 43 53
0856 (07/04/2007) 11 15 40 41 42 47
0857 (11/04/2007) 02 03 17 49 50 59
0858 (14/04/2007) 04 18 23 31 37 54
0859 (18/04/2007) 09 12 34 46 47 57
0860 (23/04/2007) 02 08 17 22 42 44
0861 (25/04/2007) 39 40 42 47 59 60
0862 (28/04/2007) 02 08 11 12 19 35
0863 (02/05/2007) 15 24 32 50 53 57
0864 (05/05/2007) 08 11 31 33 42 57
0865 (09/05/2007) 23 26 27 41 51 53
0866 (12/05/2007) 05 27 36 40 46 48
0867 (16/05/2007) 10 19 26 28 44 54
0868 (19/05/2007) 21 22 25 40 51 57
0869 (23/05/2007) 27 29 42 49 50 51
0870 (26/05/2007) 08 21 34 40 43 52
0871 (30/05/2007) 01 05 10 17 47 58
0872 (02/06/2007) 05 18 31 43 55 58
0873 (06/06/2007) 04 19 30 34 57 59
0874 (09/06/2007) 10 20 42 44 52 59
0875 (13/06/2007) 18 20 24 36 53 58
0876 (16/06/2007) 04 08 12 41 45 60
0877 (20/06/2007) 13 15 20 28 31 36
0878 (23/06/2007) 11 12 37 38 43 54
0879 (27/06/2007) 10 28 29 35 42 46
0880 (30/06/2007) 25 30 37 46 49 51
0881 (04/07/2007) 04 18 24 43 51 56
0882 (07/07/2007) 17 41 42 44 45 60
0883 (11/07/2007) 21 32 37 52 53 60
0884 (14/07/2007) 02 11 12 14 22 39
0885 (18/07/2007) 04 13 31 33 47 51
0886 (21/07/2007) 17 33 37 50 55 59
0887 (25/07/2007) 01 12 21 32 34 44
0888 (28/07/2007) 24 40 50 52 54 60
0889 (01/08/2007) 20 24 34 39 54 60
0890 (04/08/2007) 07 09 17 21 22 54
0891 (08/08/2007) 15 16 19 22 34 35
0892 (11/08/2007) 01 19 42 44 49 52
0893 (15/08/2007) 03 18 26 51 53 56
0894 (18/08/2007) 20 24 28 37 41 44
0895 (22/08/2007) 02 41 43 55 57 58
0896 (25/08/2007) 05 11 22 31 35 41
0897 (29/08/2007) 07 21 22 43 46 57
0898 (01/09/2007) 03 04 08 30 45 54
0899 (05/09/2007) 18 20 36 53 54 58
0900 (08/09/2007) 04 18 21 34 38 59
0901 (12/09/2007) 13 16 32 33 34 56
0902 (15/09/2007) 18 23 50 52 55 58
0903 (19/09/2007) 05 17 20 32 41 55
0904 (22/09/2007) 32 44 48 51 53 59
0905 (26/09/2007) 02 04 15 16 55 57
0906 (29/09/2007) 07 14 24 29 35 39
0907 (03/10/2007) 09 36 37 41 51 53
0908 (06/10/2007) 01 09 19 25 50 52
0909 (10/10/2007) 17 22 26 28 38 42
0910 (13/10/2007) 03 15 27 29 36 53
0911 (17/10/2007) 01 06 28 29 46 49
0912 (20/10/2007) 04 19 21 26 29 54
0913 (24/10/2007) 14 30 36 38 46 59
0914 (27/10/2007) 09 12 23 33 45 51
0915 (31/10/2007) 17 20 26 28 48 49
0916 (03/11/2007) 05 28 33 36 37 38
0917 (07/11/2007) 23 25 30 46 47 59
0918 (10/11/2007) 04 08 12 38 44 52
0919 (14/11/2007) 03 25 31 41 43 60
0920 (17/11/2007) 05 17 24 52 55 57
0921 (21/11/2007) 01 09 35 41 48 57
0922 (24/11/2007) 12 13 19 41 45 49
0923 (28/11/2007) 02 15 39 50 53 57
0924 (01/12/2007) 02 20 21 27 51 60
0925 (05/12/2007) 08 22 36 37 46 52
0926 (08/12/2007) 21 33 34 40 41 59
0927 (12/12/2007) 19 23 26 31 33 36
0928 (15/12/2007) 04 10 32 33 49 60
0929 (19/12/2007) 16 27 35 39 49 57
0930 (22/12/2007) 20 28 37 46 49 55
0931 (31/12/2007) 07 17 19 34 36 39
0932 (05/01/2008) 02 17 21 36 42 53
0933 (09/01/2008) 08 14 25 39 45 51
0934 (12/01/2008) 01 03 21 25 44 48
0935 (16/01/2008) 07 13 18 29 31 45
0936 (19/01/2008) 05 14 22 29 33 44
0937 (23/01/2008) 02 21 22 30 41 52
0938 (26/01/2008) 15 27 35 50 57 59
0939 (30/01/2008) 06 19 23 37 49 50
0940 (02/02/2008) 05 25 31 33 37 51
0941 (06/02/2008) 10 11 15 27 53 60
0942 (09/02/2008) 05 08 18 42 52 59
0943 (13/02/2008) 03 12 23 41 47 58
0944 (16/02/2008) 16 37 43 52 58 59
0945 (20/02/2008) 04 08 27 44 54 59
0946 (23/02/2008) 01 05 12 47 52 59
0947 (27/02/2008) 03 05 11 14 33 58
0948 (01/03/2008) 22 41 44 46 52 54
0949 (05/03/2008) 01 23 41 44 51 52
0950 (08/03/2008) 23 41 42 48 49 59
0951 (12/03/2008) 14 24 34 39 49 55
0952 (15/03/2008) 02 11 18 27 30 54
0953 (19/03/2008) 01 16 39 42 48 55
0954 (22/03/2008) 05 08 18 24 33 57
0955 (26/03/2008) 05 12 21 32 33 35
0956 (29/03/2008) 46 47 51 54 57 59
0957 (02/04/2008) 24 25 32 34 50 57
0958 (05/04/2008) 07 13 22 33 48 51
0959 (09/04/2008) 03 05 11 33 39 57
0960 (12/04/2008) 06 18 19 33 34 53
0961 (16/04/2008) 02 04 16 21 36 53
0962 (19/04/2008) 02 11 40 48 49 55
0963 (23/04/2008) 15 17 37 48 50 59
0964 (26/04/2008) 08 13 20 26 33 42
0965 (30/04/2008) 05 30 36 39 57 58
0966 (03/05/2008) 01 04 26 28 41 58
0967 (07/05/2008) 05 13 14 18 30 57
0968 (10/05/2008) 01 04 13 30 51 60
0969 (14/05/2008) 13 25 35 41 50 56
0970 (17/05/2008) 05 21 28 34 54 57
0971 (21/05/2008) 04 11 14 33 44 45
0972 (24/05/2008) 15 18 31 33 34 56
0973 (28/05/2008) 01 08 30 36 47 53
0974 (31/05/2008) 12 16 20 31 38 45
0975 (04/06/2008) 09 30 33 37 40 41
0976 (07/06/2008) 14 23 25 28 38 53
0977 (11/06/2008) 03 05 07 09 17 32
0978 (14/06/2008) 12 16 18 27 42 58
0979 (18/06/2008) 03 15 28 31 39 51
0980 (21/06/2008) 15 17 29 35 36 59
0981 (25/06/2008) 01 08 34 41 53 58
0982 (28/06/2008) 08 12 24 40 43 49
0983 (02/07/2008) 16 22 32 38 40 45
0984 (05/07/2008) 04 10 20 43 46 47
0985 (09/07/2008) 04 16 18 46 56 59
0986 (12/07/2008) 06 15 19 24 31 32
0987 (16/07/2008) 13 27 31 34 47 58
0988 (19/07/2008) 08 17 46 48 56 60
0989 (23/07/2008) 02 21 27 29 32 38
0990 (26/07/2008) 02 10 15 18 29 39
0991 (30/07/2008) 08 09 15 38 41 60
0992 (02/08/2008) 01 04 06 08 25 28
0993 (06/08/2008) 05 24 25 26 42 60
0994 (09/08/2008) 03 20 29 40 44 58
0995 (13/08/2008) 04 16 31 36 54 55
0996 (16/08/2008) 07 15 20 21 23 29
0997 (20/08/2008) 09 17 18 32 53 55
0998 (23/08/2008) 03 04 21 22 28 32
0999 (27/08/2008) 18 24 36 44 55 58
1000 (30/08/2008) 29 38 39 49 53 58
1001 (03/09/2008) 12 15 27 37 51 60
1002 (06/09/2008) 03 07 25 31 40 58
1003 (10/09/2008) 05 10 16 23 26 27
1004 (13/09/2008) 29 40 43 44 45 47
1005 (17/09/2008) 04 06 12 37 41 42
1006 (20/09/2008) 02 04 17 33 48 55
1007 (24/09/2008) 04 27 36 37 49 52
1008 (27/09/2008) 07 13 15 34 42 48
1009 (01/10/2008) 01 06 12 29 34 58
1010 (04/10/2008) 02 03 13 37 46 54
1011 (08/10/2008) 02 11 21 30 35 52
1012 (11/10/2008) 14 19 40 47 55 58
1013 (15/10/2008) 07 09 12 19 20 41
1014 (18/10/2008) 08 09 25 41 57 60
1015 (22/10/2008) 03 08 17 26 28 49
1016 (25/10/2008) 05 09 11 20 25 60
1017 (29/10/2008) 06 19 31 34 51 56
1018 (01/11/2008) 09 24 44 51 55 58
1019 (05/11/2008) 04 13 23 29 46 47
1020 (08/11/2008) 01 02 19 32 39 52
1021 (12/11/2008) 02 33 42 43 51 55
1022 (16/11/2008) 05 21 31 39 40 56
1023 (19/11/2008) 02 07 08 18 40 45
1024 (22/11/2008) 18 22 28 29 39 53
1025 (26/11/2008) 10 27 28 29 40 52
1026 (29/11/2008) 06 10 17 33 51 53
1027 (03/12/2008) 18 20 33 44 47 60
1028 (06/12/2008) 20 26 34 51 52 54
1029 (10/12/2008) 05 16 17 20 24 32
1030 (13/12/2008) 01 08 23 37 54 57
1031 (17/12/2008) 24 33 40 43 46 49
1032 (20/12/2008) 15 16 26 29 43 57
1033 (24/12/2008) 05 06 17 33 39 54
1034 (27/12/2008) 01 03 18 20 42 49
1035 (31/12/2008) 01 11 26 51 59 60
1036 (03/01/2009) 10 27 36 39 41 52
1037 (07/01/2009) 04 36 44 46 53 56
1038 (10/01/2009) 06 07 28 35 43 51
1039 (14/01/2009) 02 20 24 27 36 52
1040 (17/01/2009) 01 06 28 39 44 55
1041 (21/01/2009) 10 12 36 44 54 57
1042 (24/01/2009) 13 18 25 30 46 51
1043 (28/01/2009) 14 21 25 48 51 60
1044 (31/01/2009) 10 11 13 35 39 58
1045 (04/02/2009) 01 05 06 17 31 50
1046 (07/02/2009) 28 40 42 54 55 57
1047 (11/02/2009) 01 02 08 10 14 48
1048 (14/02/2009) 03 16 21 28 38 57
1049 (18/02/2009) 02 05 17 29 34 52
1050 (21/02/2009) 14 24 26 33 45 60
1051 (25/02/2009) 07 10 11 13 43 57
1052 (28/02/2009) 08 11 15 16 52 57
1053 (04/03/2009) 15 27 34 42 49 53
1054 (07/03/2009) 13 14 18 27 41 60
1055 (11/03/2009) 12 15 16 20 27 32
1056 (14/03/2009) 06 08 38 50 53 59
1057 (18/03/2009) 02 03 04 15 49 59
1058 (21/03/2009) 18 20 24 45 51 57
1059 (25/03/2009) 01 12 14 16 37 45
1060 (28/03/2009) 01 03 16 18 41 42
1061 (01/04/2009) 09 21 23 30 41 56
1062 (04/04/2009) 02 08 23 33 37 55
1063 (08/04/2009) 01 22 44 47 49 50
1064 (11/04/2009) 04 16 19 28 29 49
1065 (15/04/2009) 07 19 30 39 43 57
1066 (18/04/2009) 06 10 25 32 43 49
1067 (22/04/2009) 04 10 14 25 28 56
1068 (25/04/2009) 25 27 44 47 48 57
1069 (29/04/2009) 09 17 28 45 49 53
1070 (02/05/2009) 05 08 16 23 41 53
1071 (06/05/2009) 05 07 37 43 53 54
1072 (09/05/2009) 09 18 19 43 47 54
1073 (13/05/2009) 08 25 32 34 36 44
1074 (16/05/2009) 03 10 23 29 47 50
1075 (20/05/2009) 10 12 16 21 39 53
1076 (23/05/2009) 04 10 19 32 33 42
1077 (27/05/2009) 05 06 09 11 18 37
1078 (30/05/2009) 03 06 34 41 43 45
1079 (03/06/2009) 05 12 24 28 36 37
1080 (06/06/2009) 11 18 20 34 41 56
1081 (10/06/2009) 09 16 24 29 52 56
1082 (13/06/2009) 04 17 38 40 50 55
1083 (17/06/2009) 10 20 23 28 42 43
1084 (20/06/2009) 05 20 29 33 40 59
1085 (24/06/2009) 12 21 39 40 50 55
1086 (27/06/2009) 02 04 06 10 23 45
1087 (01/07/2009) 03 20 28 32 36 46
1088 (04/07/2009) 06 24 31 35 42 57
1089 (08/07/2009) 02 18 20 32 37 48
1090 (11/07/2009) 09 20 24 36 40 42
1091 (15/07/2009) 17 23 24 27 49 56
1092 (18/07/2009) 01 09 30 33 34 40
1093 (22/07/2009) 19 23 27 38 41 49
1094 (25/07/2009) 09 10 21 36 41 48
1095 (29/07/2009) 10 16 21 23 27 36
1096 (01/08/2009) 03 13 14 16 41 52
1097 (05/08/2009) 01 17 21 33 48 56
1098 (08/08/2009) 11 20 21 30 50 52
1099 (12/08/2009) 14 31 35 38 44 55
1100 (15/08/2009) 07 17 18 33 41 42
1101 (19/08/2009) 06 07 10 12 24 57
1102 (22/08/2009) 09 11 23 35 46 51
1103 (26/08/2009) 10 19 28 41 55 56
1104 (29/08/2009) 02 03 06 35 49 58
1105 (02/09/2009) 01 15 28 43 50 57
1106 (05/09/2009) 04 15 43 47 50 60
1107 (09/09/2009) 03 09 20 36 53 54
1108 (12/09/2009) 07 09 39 43 44 60
1109 (16/09/2009) 06 08 11 14 29 52
1110 (19/09/2009) 06 14 26 28 42 45
1111 (23/09/2009) 04 09 25 32 33 43
1112 (26/09/2009) 04 32 34 43 52 58
1113 (30/09/2009) 03 06 29 36 47 59
1114 (03/10/2009) 03 15 16 22 25 54
1115 (07/10/2009) 18 30 37 41 44 50
1116 (10/10/2009) 04 09 13 17 20 47
1117 (14/10/2009) 01 06 17 27 35 40
1118 (17/10/2009) 08 20 21 43 44 55
1119 (21/10/2009) 10 34 41 44 45 54
1120 (24/10/2009) 07 35 40 44 50 55
1121 (28/10/2009) 04 17 18 54 56 59
1122 (31/10/2009) 26 44 46 49 55 56
1123 (04/11/2009) 04 14 19 39 45 60
1124 (07/11/2009) 07 11 16 18 33 49
1125 (11/11/2009) 03 07 29 33 42 56
1126 (14/11/2009) 04 31 42 52 57 59
1127 (18/11/2009) 05 08 14 24 29 30
1128 (21/11/2009) 08 16 24 39 52 60
1129 (25/11/2009) 12 17 19 32 47 55
1130 (28/11/2009) 05 18 23 32 49 54
1131 (02/12/2009) 01 08 16 34 36 49
1132 (05/12/2009) 12 27 30 33 52 55
1133 (09/12/2009) 05 10 16 21 39 58
1134 (12/12/2009) 09 22 29 36 51 56
1135 (16/12/2009) 04 05 06 19 23 39
1136 (19/12/2009) 07 31 32 34 37 43
1137 (22/12/2009) 19 21 25 28 43 50
1138 (24/12/2009) 02 04 15 18 25 36
1139 (26/12/2009) 09 28 31 36 37 42
1140 (31/12/2009) 10 27 40 46 49 58
1141 (02/01/2010) 09 37 40 50 58 60
1142 (06/01/2010) 03 15 26 28 31 58
1143 (09/01/2010) 03 30 35 44 47 60
1144 (13/01/2010) 01 10 18 19 44 49
1145 (16/01/2010) 03 16 19 24 33 60
1146 (20/01/2010) 06 10 28 33 34 53
1147 (23/01/2010) 06 23 31 33 39 52
1148 (27/01/2010) 27 28 29 32 48 55
1149 (30/01/2010) 07 08 23 36 46 54
1150 (03/02/2010) 15 17 28 31 35 52
1151 (06/02/2010) 01 04 14 21 25 51
1152 (10/02/2010) 14 20 29 36 44 47
1153 (13/02/2010) 06 17 19 34 46 55
1154 (17/02/2010) 04 12 14 21 26 28
1155 (20/02/2010) 20 28 40 41 51 58
1156 (24/02/2010) 09 24 31 44 48 49
1157 (27/02/2010) 09 29 41 43 46 49
1158 (03/03/2010) 23 30 31 54 55 60
1159 (06/03/2010) 05 06 34 46 53 55
1160 (10/03/2010) 01 03 05 18 40 48
1161 (13/03/2010) 04 07 42 47 48 51
1162 (17/03/2010) 18 22 25 30 31 41
1163 (20/03/2010) 05 17 31 47 51 53
1164 (24/03/2010) 06 14 17 26 40 49
1165 (27/03/2010) 20 40 42 52 54 60
1166 (31/03/2010) 22 28 30 31 35 54
1167 (03/04/2010) 20 28 43 51 52 56
1168 (07/04/2010) 04 05 20 47 53 56
1169 (10/04/2010) 01 11 14 23 42 48
1170 (14/04/2010) 11 13 27 34 46 49
1171 (17/04/2010) 03 10 13 30 41 57
1172 (20/04/2010) 06 12 28 43 52 56
1173 (24/04/2010) 05 07 24 25 36 47
1174 (28/04/2010) 06 07 39 47 51 52
1175 (30/04/2010) 02 03 12 16 37 47
1176 (05/05/2010) 11 14 21 30 33 49
1177 (08/05/2010) 33 38 47 50 52 55
1178 (12/05/2010) 01 22 30 45 50 53
1179 (15/05/2010) 05 22 28 47 59 60
1180 (19/05/2010) 12 30 34 44 57 60
1181 (22/05/2010) 18 20 26 31 44 45
1182 (26/05/2010) 02 04 29 52 56 60
1183 (29/05/2010) 05 10 12 20 29 37
1184 (02/06/2010) 04 09 23 27 28 30
1185 (05/06/2010) 02 10 21 35 43 54
1186 (09/06/2010) 07 08 12 13 15 41
1187 (12/06/2010) 08 17 19 40 43 49
1188 (16/06/2010) 09 20 44 52 59 60
1189 (19/06/2010) 14 21 27 31 35 50
1190 (23/06/2010) 10 11 19 37 53 56
1191 (26/06/2010) 03 11 16 22 25 33
1192 (30/06/2010) 17 20 49 52 57 59
1193 (03/07/2010) 02 09 12 14 32 54
1194 (07/07/2010) 06 13 24 41 50 53
1195 (10/07/2010) 17 20 26 27 55 57
1196 (14/07/2010) 03 06 19 20 58 60
1197 (17/07/2010) 36 37 39 49 54 60
1198 (21/07/2010) 22 29 36 41 48 58
1199 (24/07/2010) 16 19 23 28 39 58
1200 (28/07/2010) 03 10 11 39 54 56
1201 (31/07/2010) 28 32 36 49 55 60
1202 (04/08/2010) 08 09 11 48 53 60
1203 (07/08/2010) 07 09 30 33 38 55
1204 (11/08/2010) 05 10 25 39 43 52
1205 (14/08/2010) 04 13 14 26 29 35
1206 (18/08/2010) 02 06 11 36 37 48
1207 (21/08/2010) 09 11 22 32 35 56
1208 (25/08/2010) 01 12 20 26 45 54
1209 (28/08/2010) 05 14 17 30 35 38
1210 (01/09/2010) 03 07 09 10 31 34
1211 (04/09/2010) 03 15 31 36 48 54
1212 (08/09/2010) 02 23 33 35 40 50
1213 (11/09/2010) 03 11 26 34 45 53
1214 (15/09/2010) 05 29 30 36 41 48
1215 (18/09/2010) 10 25 30 47 50 51
1216 (22/09/2010) 04 07 13 25 27 58
1217 (25/09/2010) 05 11 15 28 43 50
1218 (29/09/2010) 10 23 29 31 33 46
1219 (02/10/2010) 02 33 34 37 41 53
1220 (06/10/2010) 05 15 43 48 52 55
1221 (09/10/2010) 05 14 37 43 46 58
1222 (13/10/2010) 05 08 19 26 48 57
1223 (16/10/2010) 15 17 35 42 47 48
1224 (20/10/2010) 19 21 27 41 53 57
1225 (23/10/2010) 31 32 34 40 50 55
1226 (27/10/2010) 10 31 40 50 55 56
1227 (30/10/2010) 04 28 30 31 35 54
1228 (03/11/2010) 10 23 36 50 52 60
1229 (06/11/2010) 12 30 32 40 49 60
1230 (10/11/2010) 09 12 19 22 35 37
1231 (13/11/2010) 05 20 23 27 39 49
1232 (17/11/2010) 08 11 12 15 18 22
1233 (20/11/2010) 22 29 32 49 54 59
1234 (24/11/2010) 03 05 19 24 30 35
1235 (27/11/2010) 10 16 20 26 49 55
1236 (01/12/2010) 03 08 17 20 38 53
1237 (04/12/2010) 05 18 21 26 39 59
1238 (08/12/2010) 13 14 24 39 40 45
1239 (11/12/2010) 01 15 37 39 48 52
1240 (15/12/2010) 08 09 12 22 42 49
1241 (18/12/2010) 10 13 25 26 28 45
1242 (20/12/2010) 11 34 45 48 51 54
1243 (22/12/2010) 09 19 23 29 32 57
1244 (24/12/2010) 02 08 15 25 34 45
1245 (31/12/2010) 02 10 34 37 43 50
1246 (05/01/2011) 10 37 40 43 57 59
1247 (08/01/2011) 03 09 11 24 36 51
1248 (12/01/2011) 20 33 34 57 58 60
1249 (15/01/2011) 03 08 36 40 51 53
1250 (19/01/2011) 01 02 24 40 51 59
1251 (22/01/2011) 05 27 34 46 48 52
1252 (26/01/2011) 02 14 35 39 49 51
1253 (29/01/2011) 02 17 23 43 44 51
1254 (02/02/2011) 07 09 14 18 29 39
1255 (05/02/2011) 05 23 38 39 51 54
1256 (09/02/2011) 26 33 35 38 43 53
1257 (12/02/2011) 02 15 26 27 30 52
1258 (16/02/2011) 11 26 47 55 57 59
1259 (19/02/2011) 04 06 39 46 54 58
1260 (23/02/2011) 19 23 29 31 41 53
1261 (26/02/2011) 10 14 22 41 42 53
1262 (02/03/2011) 05 07 08 09 11 39
1263 (05/03/2011) 04 18 26 36 41 53
1264 (09/03/2011) 04 17 36 37 51 56
1265 (12/03/2011) 13 19 24 46 50 60
1266 (16/03/2011) 06 10 33 39 42 60
1267 (19/03/2011) 04 20 30 41 47 58
1268 (23/03/2011) 03 16 17 44 53 60
1269 (26/03/2011) 04 05 15 17 27 51
1270 (30/03/2011) 05 09 24 31 33 42
1271 (02/04/2011) 01 02 39 48 52 59
1272 (06/04/2011) 13 26 27 28 35 52
1273 (09/04/2011) 13 19 26 40 58 60
1274 (13/04/2011) 13 17 21 39 40 59
1275 (16/04/2011) 02 14 48 55 58 60
1276 (20/04/2011) 05 09 11 22 36 40
1277 (23/04/2011) 12 18 31 50 59 60
1278 (27/04/2011) 04 16 24 25 30 56
1279 (30/04/2011) 08 14 29 35 36 40
1280 (04/05/2011) 06 10 16 20 29 54
1281 (07/05/2011) 08 11 14 30 36 38
1282 (11/05/2011) 04 23 39 52 55 56
1283 (14/05/2011) 08 30 40 44 59 60
1284 (18/05/2011) 20 21 26 29 31 36
1285 (21/05/2011) 10 15 28 31 33 38
1286 (25/05/2011) 02 05 28 33 51 52
1287 (28/05/2011) 11 12 31 33 42 52
1288 (01/06/2011) 17 30 32 40 42 56
1289 (04/06/2011) 01 03 08 13 27 52
1290 (08/06/2011) 02 03 14 23 34 50
1291 (11/06/2011) 18 40 47 54 57 58
1292 (15/06/2011) 09 11 23 30 31 54
1293 (18/06/2011) 01 13 24 40 44 50
1294 (22/06/2011) 04 06 29 48 50 51
1295 (25/06/2011) 02 05 15 20 43 57
1296 (29/06/2011) 10 14 43 46 49 53
1297 (02/07/2011) 02 05 11 13 56 59
1298 (06/07/2011) 14 15 30 53 55 60
1299 (09/07/2011) 08 22 32 43 53 56
1300 (13/07/2011) 43 44 46 53 54 59
1301 (16/07/2011) 03 16 23 25 51 56
1302 (20/07/2011) 02 10 15 44 56 57
1303 (23/07/2011) 08 19 46 51 52 54
1304 (27/07/2011) 07 14 15 20 23 35
1305 (30/07/2011) 03 05 11 36 44 46
1306 (03/08/2011) 06 19 22 34 43 45
1307 (06/08/2011) 07 10 32 43 47 54
1308 (09/08/2011) 07 08 24 30 33 47
1309 (11/08/2011) 07 12 25 26 32 39
