0001 (13/03/1994) 25 45 60 76 79
0002 (17/03/1994) 13 30 58 63 64
0003 (20/03/1994) 05 15 32 33 48
0004 (24/03/1994) 27 57 60 61 77
0005 (27/03/1994) 19 44 53 54 71
0006 (03/04/1994) 04 45 54 65 67
0007 (07/04/1994) 09 21 37 42 68
0008 (10/04/1994) 05 16 26 28 62
0009 (14/04/1994) 04 15 44 64 73
0010 (17/04/1994) 20 32 49 54 62
0011 (24/04/1994) 17 33 52 60 76
0012 (28/04/1994) 01 28 56 65 79
0013 (01/05/1994) 13 33 38 39 72
0014 (05/05/1994) 44 52 60 64 68
0015 (08/05/1994) 02 25 54 63 66
0016 (12/05/1994) 11 24 63 64 69
0017 (15/05/1994) 01 14 26 34 72
0018 (19/05/1994) 06 29 40 63 72
0019 (22/05/1994) 12 21 42 60 66
0020 (26/05/1994) 13 16 31 39 70
0021 (29/05/1994) 05 15 38 48 77
0022 (05/06/1994) 07 09 11 25 75
0023 (09/06/1994) 01 15 63 72 77
0024 (12/06/1994) 09 44 57 67 68
0025 (16/06/1994) 02 29 46 69 76
0026 (19/06/1994) 10 15 22 55 79
0027 (23/06/1994) 05 36 39 70 78
0028 (26/06/1994) 08 26 28 29 30
0029 (03/07/1994) 20 23 31 35 76
0030 (07/07/1994) 12 13 14 56 60
0031 (10/07/1994) 43 51 54 69 73
0032 (14/07/1994) 09 23 31 60 80
0033 (18/07/1994) 21 31 44 65 74
0034 (21/07/1994) 17 45 64 67 69
0035 (24/07/1994) 44 52 54 56 60
0036 (28/07/1994) 42 56 62 65 79
0037 (31/07/1994) 09 26 31 36 65
0038 (04/08/1994) 11 12 57 59 69
0039 (07/08/1994) 05 07 21 28 70
0040 (11/08/1994) 02 18 31 38 49
0041 (14/08/1994) 05 14 31 41 49
0042 (18/08/1994) 15 33 39 76 78
0043 (21/08/1994) 05 18 21 41 71
0044 (25/08/1994) 02 07 57 59 76
0045 (28/08/1994) 02 03 27 64 65
0046 (01/09/1994) 30 49 72 78 80
0047 (04/09/1994) 10 18 22 31 73
0048 (11/09/1994) 20 39 72 73 76
0049 (15/09/1994) 10 19 39 52 66
0050 (18/09/1994) 04 10 15 42 45
0051 (22/09/1994) 02 20 26 42 79
0052 (25/09/1994) 06 39 41 61 64
0053 (29/09/1994) 40 42 48 64 69
0054 (02/10/1994) 13 21 32 33 66
0055 (09/10/1994) 12 14 60 66 68
0056 (16/10/1994) 05 18 24 43 48
0057 (17/10/1994) 31 49 52 63 71
0058 (23/10/1994) 34 41 50 67 77
0059 (27/10/1994) 20 35 37 42 71
0060 (30/10/1994) 19 25 32 68 71
0061 (06/11/1994) 27 54 63 71 77
0062 (10/11/1994) 03 12 24 36 40
0063 (13/11/1994) 11 40 50 74 78
0064 (20/11/1994) 25 43 52 59 75
0065 (24/11/1994) 03 25 60 62 75
0066 (27/11/1994) 66 73 75 76 79
0067 (01/12/1994) 05 23 36 67 70
0068 (04/12/1994) 07 52 68 69 76
0069 (08/12/1994) 16 61 65 72 78
0070 (11/12/1994) 05 25 52 57 62
0071 (15/12/1994) 27 55 66 73 75
0072 (18/12/1994) 12 23 39 54 72
0073 (26/12/1994) 06 17 49 65 70
0074 (02/01/1995) 41 47 49 70 74
0075 (05/01/1995) 04 27 46 53 55
0076 (08/01/1995) 03 23 58 62 74
0077 (12/01/1995) 06 09 27 43 65
0078 (15/01/1995) 02 19 50 59 69
0079 (19/01/1995) 04 18 55 57 74
0080 (22/01/1995) 35 42 55 60 78
0081 (26/01/1995) 13 31 45 56 63
0082 (29/01/1995) 13 34 55 64 80
0083 (02/02/1995) 17 20 30 33 68
0084 (05/02/1995) 01 08 13 53 61
0085 (09/02/1995) 03 20 27 32 61
0086 (12/02/1995) 13 49 57 67 78
0087 (16/02/1995) 18 29 37 51 57
0088 (19/02/1995) 11 25 49 51 53
0089 (23/02/1995) 02 32 40 53 54
0090 (26/02/1995) 08 16 32 74 79
0091 (05/03/1995) 07 30 33 52 69
0092 (09/03/1995) 11 25 29 42 66
0093 (12/03/1995) 04 06 27 68 74
0094 (16/03/1995) 01 19 59 65 80
0095 (19/03/1995) 06 43 50 63 71
0096 (23/03/1995) 04 50 51 52 77
0097 (26/03/1995) 05 06 16 54 70
0098 (30/03/1995) 04 16 17 35 49
0099 (02/04/1995) 02 09 17 66 76
0100 (06/04/1995) 33 36 56 58 60
0101 (09/04/1995) 12 27 28 30 36
0102 (16/04/1995) 05 23 50 65 67
0103 (23/04/1995) 12 16 53 64 66
0104 (27/04/1995) 20 30 36 48 53
0105 (30/04/1995) 03 07 45 46 65
0106 (07/05/1995) 20 21 43 45 67
0107 (11/05/1995) 02 03 30 39 72
0108 (14/05/1995) 01 19 50 52 54
0109 (18/05/1995) 01 21 27 48 78
0110 (21/05/1995) 01 19 27 36 57
0111 (25/05/1995) 15 42 54 68 76
0112 (28/05/1995) 31 41 75 76 79
0113 (01/06/1995) 12 14 42 61 69
0114 (04/06/1995) 10 20 44 58 65
0115 (08/06/1995) 02 21 38 54 73
0116 (11/06/1995) 16 20 34 56 57
0117 (18/06/1995) 07 11 24 42 49
0118 (22/06/1995) 14 23 26 56 77
0119 (25/06/1995) 02 16 19 26 27
0120 (29/06/1995) 07 39 48 58 62
0121 (02/07/1995) 19 22 53 69 77
0122 (06/07/1995) 02 08 12 53 54
0123 (09/07/1995) 08 20 64 68 73
0124 (13/07/1995) 10 11 12 23 37
0125 (16/07/1995) 10 13 22 50 66
0126 (20/07/1995) 04 12 63 78 80
0127 (23/07/1995) 14 18 59 60 64
0128 (27/07/1995) 17 24 47 49 66
0129 (30/07/1995) 05 09 12 23 71
0130 (02/08/1995) 18 34 38 40 43
0131 (06/08/1995) 13 32 56 73 74
0132 (10/08/1995) 19 25 63 74 77
0133 (13/08/1995) 13 18 43 47 53
0134 (17/08/1995) 10 28 60 62 74
0135 (20/08/1995) 02 53 57 62 64
0136 (24/08/1995) 09 19 24 59 61
0137 (28/08/1995) 13 14 37 66 75
0138 (31/08/1995) 13 23 37 56 80
0139 (03/09/1995) 14 52 54 65 77
0140 (10/09/1995) 32 43 50 57 75
0141 (14/09/1995) 06 51 53 54 57
0142 (17/09/1995) 15 21 56 79 80
0143 (21/09/1995) 14 27 39 48 61
0144 (24/09/1995) 16 24 42 71 75
0145 (28/09/1995) 02 08 40 55 60
0146 (01/10/1995) 12 18 21 31 69
0147 (05/10/1995) 01 18 52 67 72
0148 (08/10/1995) 32 33 43 46 52
0149 (15/10/1995) 08 16 18 22 73
0150 (19/10/1995) 12 24 26 39 40
0151 (22/10/1995) 22 23 42 54 65
0152 (26/10/1995) 05 14 31 38 75
0153 (29/10/1995) 02 10 11 15 66
0154 (05/11/1995) 05 09 41 64 67
0155 (09/11/1995) 12 30 48 70 75
0156 (12/11/1995) 07 12 29 54 55
0157 (19/11/1995) 42 50 52 66 72
0158 (23/11/1995) 02 27 35 44 55
0159 (26/11/1995) 04 11 24 25 32
0160 (30/11/1995) 08 25 42 60 63
0161 (03/12/1995) 13 29 41 61 74
0162 (07/12/1995) 20 25 57 67 78
0163 (10/12/1995) 09 14 16 52 71
0164 (14/12/1995) 07 09 19 45 80
0165 (17/12/1995) 12 21 27 45 75
0166 (21/12/1995) 02 31 41 43 44
0167 (26/12/1995) 20 33 62 63 69
0168 (02/01/1996) 15 26 30 44 69
0169 (07/01/1996) 03 15 30 56 72
0170 (11/01/1996) 18 22 27 74 75
0171 (14/01/1996) 12 18 37 47 56
0172 (18/01/1996) 37 38 57 67 79
0173 (21/01/1996) 22 29 34 42 51
0174 (25/01/1996) 11 16 23 44 48
0175 (28/01/1996) 29 60 64 72 79
0176 (01/02/1996) 01 27 29 36 73
0177 (04/02/1996) 09 33 48 67 73
0178 (08/02/1996) 05 14 15 66 68
0179 (11/02/1996) 30 60 65 68 75
0180 (15/02/1996) 01 20 23 25 49
0181 (18/02/1996) 06 21 31 37 64
0182 (25/02/1996) 09 44 46 57 59
0183 (29/02/1996) 20 33 48 69 70
0184 (03/03/1996) 22 29 38 58 62
0185 (07/03/1996) 09 24 28 31 45
0186 (10/03/1996) 06 20 21 46 63
0187 (14/03/1996) 02 43 45 64 68
0188 (17/03/1996) 28 43 56 57 77
0189 (21/03/1996) 01 05 52 53 71
0190 (24/03/1996) 21 29 46 59 76
0191 (28/03/1996) 04 07 19 35 56
0192 (31/03/1996) 16 37 54 68 77
0193 (07/04/1996) 12 13 51 67 73
0194 (11/04/1996) 14 19 32 37 45
0195 (14/04/1996) 08 23 50 65 73
0196 (18/04/1996) 10 27 30 72 78
0197 (21/04/1996) 03 27 30 33 59
0198 (25/04/1996) 06 14 18 71 73
0199 (28/04/1996) 03 31 47 77 79
0200 (05/05/1996) 19 21 64 70 72
0201 (09/05/1996) 07 71 73 76 79
0202 (12/05/1996) 06 37 43 61 62
0203 (16/05/1996) 03 13 17 47 60
0204 (19/05/1996) 07 11 21 51 58
0205 (23/05/1996) 04 09 31 40 58
0206 (26/05/1996) 01 10 36 62 64
0207 (30/05/1996) 05 07 12 16 66
0208 (02/06/1996) 03 24 48 52 71
0209 (09/06/1996) 26 37 61 67 71
0210 (13/06/1996) 10 14 32 53 61
0211 (16/06/1996) 03 11 19 31 39
0212 (20/06/1996) 38 46 50 65 69
0213 (23/06/1996) 05 13 14 34 63
0214 (27/06/1996) 10 19 24 34 72
0215 (30/06/1996) 37 46 49 62 73
0216 (04/07/1996) 31 32 34 54 59
0217 (07/07/1996) 08 41 56 65 74
0218 (11/07/1996) 17 26 31 33 63
0219 (14/07/1996) 03 19 32 59 63
0220 (18/07/1996) 19 35 38 39 78
0221 (21/07/1996) 45 69 72 77 79
0222 (25/07/1996) 03 24 27 58 69
0223 (28/07/1996) 10 21 43 64 68
0224 (01/08/1996) 18 41 58 62 73
0225 (04/08/1996) 16 34 37 42 70
0226 (08/08/1996) 17 24 50 56 66
0227 (11/08/1996) 19 23 32 38 61
0228 (15/08/1996) 12 23 50 52 55
0229 (18/08/1996) 07 60 62 67 74
0230 (22/08/1996) 14 27 41 68 78
0231 (25/08/1996) 03 28 41 58 75
0232 (29/08/1996) 27 34 35 42 62
0233 (01/09/1996) 49 55 56 68 71
0234 (05/09/1996) 27 29 34 64 73
0235 (08/09/1996) 17 27 35 54 76
0236 (12/09/1996) 14 26 51 55 64
0237 (15/09/1996) 14 26 36 37 69
0238 (19/09/1996) 25 27 55 61 69
0239 (22/09/1996) 17 60 67 74 75
0240 (26/09/1996) 30 35 49 51 69
0241 (29/09/1996) 02 16 32 63 67
0242 (06/10/1996) 22 34 36 42 62
0243 (10/10/1996) 02 04 55 60 65
0244 (13/10/1996) 05 08 31 32 41
0245 (17/10/1996) 16 25 27 28 69
0246 (20/10/1996) 22 61 63 66 80
0247 (24/10/1996) 03 05 22 30 60
0248 (27/10/1996) 05 50 56 60 62
0249 (31/10/1996) 09 50 63 67 76
0250 (03/11/1996) 43 51 75 79 80
0251 (07/11/1996) 20 37 46 61 74
0252 (10/11/1996) 08 14 43 65 76
0253 (17/11/1996) 07 21 54 62 77
0254 (21/11/1996) 21 38 52 60 66
0255 (24/11/1996) 11 46 55 75 78
0256 (28/11/1996) 04 06 18 40 74
0257 (01/12/1996) 24 26 37 48 71
0258 (05/12/1996) 03 35 39 63 69
0259 (08/12/1996) 06 21 22 52 74
0260 (12/12/1996) 16 19 21 23 32
0261 (15/12/1996) 02 10 29 33 54
0262 (19/12/1996) 13 61 65 67 79
0263 (22/12/1996) 32 63 66 76 77
0264 (29/12/1996) 23 25 29 52 55
0265 (05/01/1997) 26 37 39 66 71
0266 (09/01/1997) 21 28 51 65 69
0267 (12/01/1997) 08 27 44 66 75
0268 (16/01/1997) 39 51 57 75 76
0269 (19/01/1997) 07 22 23 50 76
0270 (23/01/1997) 14 21 33 34 45
0271 (26/01/1997) 03 11 24 54 65
0272 (30/01/1997) 03 14 22 32 41
0273 (02/02/1997) 13 15 25 39 44
0274 (06/02/1997) 15 52 55 62 79
0275 (09/02/1997) 13 22 29 68 72
0276 (16/02/1997) 13 17 23 49 71
0277 (20/02/1997) 26 32 38 68 72
0278 (23/02/1997) 05 10 21 51 58
0279 (27/02/1997) 02 20 39 53 60
0280 (02/03/1997) 16 18 46 56 80
0281 (06/03/1997) 23 41 46 53 71
0282 (09/03/1997) 20 48 50 75 76
0283 (13/03/1997) 25 46 52 61 74
0284 (16/03/1997) 09 23 56 64 73
0285 (20/03/1997) 07 13 37 56 64
0286 (23/03/1997) 02 18 64 67 77
0287 (30/03/1997) 11 28 60 61 71
0288 (03/04/1997) 02 13 27 78 80
0289 (06/04/1997) 04 69 70 72 80
0290 (10/04/1997) 05 06 55 70 73
0291 (13/04/1997) 05 34 45 49 58
0292 (17/04/1997) 04 42 67 74 75
0293 (20/04/1997) 04 41 49 55 80
0294 (27/04/1997) 17 20 43 68 74
0295 (04/05/1997) 10 20 29 65 76
0296 (08/05/1997) 01 21 50 55 68
0297 (11/05/1997) 25 52 53 58 78
0298 (15/05/1997) 06 17 31 40 66
0299 (18/05/1997) 11 25 29 52 53
0300 (22/05/1997) 08 19 20 28 34
0301 (25/05/1997) 44 46 53 59 65
0302 (01/06/1997) 07 30 51 52 69
0303 (05/06/1997) 28 48 50 64 71
0304 (08/06/1997) 03 22 42 71 79
0305 (12/06/1997) 06 16 31 36 53
0306 (15/06/1997) 09 28 34 40 42
0307 (19/06/1997) 10 27 29 61 66
0308 (22/06/1997) 13 14 16 21 69
0309 (26/06/1997) 16 26 37 40 62
0310 (29/06/1997) 01 14 49 71 74
0311 (03/07/1997) 29 46 53 63 68
0312 (06/07/1997) 06 29 36 44 68
0313 (10/07/1997) 28 30 54 67 74
0314 (13/07/1997) 07 10 18 57 74
0315 (17/07/1997) 12 19 33 44 67
0316 (20/07/1997) 27 28 50 65 76
0317 (24/07/1997) 02 08 36 45 64
0318 (27/07/1997) 22 26 34 39 40
0319 (31/07/1997) 01 21 33 39 48
0320 (03/08/1997) 03 04 07 14 39
0321 (07/08/1997) 18 21 23 54 74
0322 (10/08/1997) 10 25 33 43 68
0323 (14/08/1997) 32 34 52 68 73
0324 (17/08/1997) 42 56 61 76 79
0325 (21/08/1997) 02 07 09 27 59
0326 (24/08/1997) 05 06 12 50 61
0327 (28/08/1997) 03 10 35 47 59
0328 (31/08/1997) 17 23 52 70 71
0329 (04/09/1997) 07 12 36 39 50
0330 (07/09/1997) 06 07 09 36 45
0331 (11/09/1997) 53 57 62 70 78
0332 (14/09/1997) 24 25 34 50 65
0333 (19/09/1997) 01 03 18 46 64
0334 (21/09/1997) 15 20 23 78 79
0335 (25/09/1997) 09 16 20 34 53
0336 (28/09/1997) 42 54 55 70 74
0337 (02/10/1997) 01 20 40 42 75
0338 (05/10/1997) 03 07 10 23 43
0339 (09/10/1997) 02 03 45 49 60
0340 (12/10/1997) 04 06 35 64 65
0341 (16/10/1997) 27 32 54 57 80
0342 (19/10/1997) 01 09 51 59 74
0343 (23/10/1997) 13 16 18 21 36
0344 (26/10/1997) 04 27 44 61 71
0345 (30/10/1997) 21 22 40 51 74
0346 (02/11/1997) 14 35 53 64 77
0347 (06/11/1997) 16 25 27 33 74
0348 (09/11/1997) 14 22 24 59 72
0349 (13/11/1997) 15 23 25 29 71
0350 (16/11/1997) 06 18 42 56 72
0351 (20/11/1997) 12 36 38 50 53
0352 (23/11/1997) 02 28 51 53 77
0353 (27/11/1997) 01 21 46 56 79
0354 (30/11/1997) 03 16 32 37 50
0355 (04/12/1997) 08 22 48 59 76
0356 (07/12/1997) 18 35 37 50 54
0357 (11/12/1997) 03 33 44 77 78
0358 (14/12/1997) 11 29 42 63 72
0359 (18/12/1997) 12 33 51 60 80
0360 (21/12/1997) 11 46 49 60 71
0361 (28/12/1997) 20 40 59 68 80
0362 (04/01/1998) 17 50 69 73 76
0363 (08/01/1998) 17 31 51 60 74
0364 (11/01/1998) 03 25 30 32 62
0365 (15/01/1998) 10 31 37 61 74
0366 (18/01/1998) 07 10 32 54 59
0367 (22/01/1998) 41 58 61 66 80
0368 (25/01/1998) 06 11 43 46 58
0369 (29/01/1998) 06 28 32 51 80
0370 (01/02/1998) 12 14 26 27 75
0371 (05/02/1998) 09 30 38 56 76
0372 (08/02/1998) 01 12 49 55 76
0373 (12/02/1998) 16 26 36 41 78
0374 (15/02/1998) 27 44 45 56 71
0375 (19/02/1998) 02 12 14 16 29
0376 (22/02/1998) 01 17 47 68 71
0377 (01/03/1998) 04 19 48 76 80
0378 (05/03/1998) 05 16 34 40 73
0379 (08/03/1998) 11 29 36 38 67
0380 (12/03/1997) 01 07 28 48 73
0381 (15/03/1998) 07 15 45 53 66
0382 (19/03/1998) 04 17 19 51 62
0383 (22/03/1998) 01 02 04 06 28
0384 (26/03/1998) 36 50 55 58 75
0385 (29/03/1998) 18 29 35 63 68
0386 (31/03/1998) 15 17 18 25 44
0387 (02/04/1998) 26 32 45 62 77
0388 (04/04/1998) 17 36 67 69 77
0389 (07/04/1998) 25 38 57 69 78
0390 (11/04/1998) 19 30 35 48 76
0391 (14/04/1998) 20 43 47 62 74
0392 (16/04/1998) 11 17 26 48 56
0393 (18/04/1998) 17 37 53 71 76
0394 (23/04/1998) 01 06 38 65 70
0395 (25/04/1998) 31 34 36 58 62
0396 (28/04/1998) 21 23 37 69 73
0397 (30/04/1998) 27 38 48 58 75
0398 (02/05/1998) 11 12 17 57 74
0399 (05/05/1998) 09 27 38 48 57
0400 (07/05/1998) 56 59 65 70 71
0401 (09/05/1998) 01 07 09 39 80
0402 (12/05/1998) 38 57 66 72 77
0403 (14/05/1998) 01 14 42 44 56
0404 (16/05/1998) 04 08 52 59 67
0405 (19/05/1998) 05 19 43 77 80
0406 (21/05/1998) 03 35 40 61 77
0407 (23/05/1998) 16 29 44 57 70
0408 (26/05/1998) 04 05 14 28 40
0409 (28/05/1998) 03 26 63 74 76
0410 (30/05/1998) 07 08 17 47 55
0411 (02/06/1998) 09 12 52 65 78
0412 (04/06/1998) 01 20 44 66 77
0413 (06/06/1998) 24 40 52 57 62
0414 (09/06/1998) 02 12 20 47 55
0415 (13/06/1998) 15 26 51 58 65
0416 (16/06/1998) 47 52 53 71 78
0417 (18/06/1998) 11 25 40 48 73
0418 (20/06/1998) 34 39 47 75 76
0419 (23/06/1998) 21 23 37 50 55
0420 (25/06/1998) 38 44 46 72 80
0421 (27/06/1998) 24 41 52 56 76
0422 (30/06/1998) 37 44 54 62 64
0423 (02/07/1998) 17 39 48 56 75
0424 (04/07/1998) 05 06 22 28 31
0425 (07/07/1998) 01 21 28 44 48
0426 (09/07/1998) 05 13 26 54 67
0427 (11/07/1998) 15 24 30 57 67
0428 (14/07/1998) 05 20 27 70 80
0429 (16/07/1998) 02 39 41 51 73
0430 (18/07/1998) 19 52 57 74 79
0431 (21/07/1998) 06 35 50 57 58
0432 (23/07/1998) 27 33 37 53 60
0433 (25/07/1998) 20 22 38 45 53
0434 (28/07/1998) 23 30 36 39 40
0435 (30/07/1998) 20 30 34 35 65
0436 (01/08/1998) 31 38 43 44 79
0437 (04/08/1998) 15 30 31 49 52
0438 (06/08/1998) 12 27 46 48 79
0439 (08/08/1998) 10 21 52 58 64
0440 (11/08/1998) 35 64 66 70 79
0441 (13/08/1998) 13 33 60 75 76
0442 (15/08/1998) 02 52 53 70 77
0443 (18/08/1998) 03 50 66 67 70
0444 (20/08/1998) 13 32 53 60 69
0445 (22/08/1998) 08 38 39 46 76
0446 (25/08/1998) 23 42 50 61 80
0447 (27/08/1998) 12 14 16 43 44
0448 (29/08/1998) 12 25 27 34 76
0449 (01/09/1998) 13 19 34 54 73
0450 (03/09/1998) 13 35 48 49 53
0451 (05/09/1998) 21 32 48 54 61
0452 (10/09/1998) 12 51 54 60 61
0453 (12/09/1998) 18 44 66 74 75
0454 (15/09/1998) 19 30 40 60 75
0455 (17/09/1998) 07 16 49 52 73
0456 (19/09/1998) 18 47 70 74 80
0457 (22/09/1998) 01 13 31 49 56
0458 (24/09/1998) 21 29 40 62 73
0459 (26/09/1998) 08 19 30 33 49
0460 (29/09/1998) 15 52 61 67 68
0461 (01/10/1998) 09 48 51 65 80
0462 (03/10/1998) 12 30 44 50 79
0463 (06/10/1998) 05 33 43 53 67
0464 (08/10/1998) 09 18 29 69 80
0465 (10/10/1998) 10 37 41 47 78
0466 (15/10/1998) 04 08 18 19 31
0467 (17/10/1998) 19 31 35 60 79
0468 (20/10/1998) 06 09 49 57 77
0469 (22/10/1998) 07 10 59 65 79
0470 (24/10/1998) 18 28 30 45 70
0471 (27/10/1998) 18 21 32 38 54
0472 (29/10/1998) 24 57 67 69 77
0473 (31/10/1998) 30 49 56 57 74
0474 (05/11/1998) 12 22 27 28 77
0475 (07/11/1998) 03 11 32 37 53
0476 (10/11/1998) 12 16 49 56 67
0477 (12/11/1998) 04 18 27 38 47
0478 (14/11/1998) 08 14 28 63 64
0479 (17/11/1998) 10 15 17 63 67
0480 (19/11/1998) 31 33 48 68 80
0481 (21/11/1998) 22 25 45 56 72
0482 (24/11/1998) 03 05 26 38 62
0483 (26/11/1998) 19 20 25 52 55
0484 (28/11/1998) 27 37 56 66 68
0485 (01/12/1998) 03 11 52 56 59
0486 (03/12/1998) 14 25 32 53 67
0487 (05/12/1998) 16 40 55 64 70
0488 (08/12/1998) 03 24 53 56 63
0489 (10/12/1998) 01 36 38 41 74
0490 (12/12/1998) 07 17 29 42 43
0491 (15/12/1998) 03 10 14 21 64
0492 (17/12/1998) 02 28 43 44 64
0493 (19/12/1998) 07 10 11 39 47
0494 (22/12/1998) 27 38 44 65 70
0495 (24/12/1998) 06 23 25 33 38
0496 (29/12/1998) 09 11 28 39 47
0497 (31/12/1998) 06 13 29 48 76
0498 (05/01/1999) 03 14 20 39 68
0499 (07/01/1999) 05 09 50 51 73
0500 (09/01/1999) 09 18 38 71 73
0501 (12/01/1999) 24 32 51 61 63
0502 (14/01/1999) 11 35 45 50 64
0503 (16/01/1999) 02 18 23 54 73
0504 (19/01/1999) 03 07 26 66 79
0505 (21/01/1999) 09 30 52 59 75
0506 (23/01/1999) 16 29 62 64 73
0507 (26/01/1999) 01 26 64 68 73
0508 (28/01/1999) 07 22 28 41 53
0509 (30/01/1999) 05 14 15 25 73
0510 (02/02/1999) 04 05 18 58 72
0511 (04/02/1999) 07 15 19 34 52
0512 (06/02/1999) 06 40 56 66 71
0513 (09/02/1999) 15 27 31 56 63
0514 (11/02/1999) 01 09 27 69 78
0515 (13/02/1999) 06 21 33 34 75
0516 (18/02/1999) 05 47 54 63 72
0517 (20/02/1999) 03 14 22 46 60
0518 (23/02/1999) 06 22 28 45 71
0519 (25/02/1999) 03 36 40 52 76
0520 (27/02/1999) 04 12 28 30 43
0521 (02/03/1999) 26 52 72 74 79
0522 (04/03/1999) 01 02 03 27 65
0523 (06/03/1999) 09 52 59 62 80
0524 (09/03/1999) 03 05 16 32 38
0525 (11/03/1999) 16 38 58 64 72
0526 (13/03/1999) 07 08 36 57 67
0527 (16/03/1999) 02 25 44 45 65
0528 (18/03/1999) 01 09 50 61 79
0529 (20/03/1999) 07 10 26 35 36
0530 (23/03/1999) 07 24 26 28 72
0531 (25/03/1999) 11 35 56 63 77
0532 (27/03/1999) 22 25 30 57 63
0533 (30/03/1999) 05 13 39 47 63
0534 (03/04/1999) 07 43 53 59 72
0535 (06/04/1999) 03 23 51 73 74
0536 (08/04/1999) 03 09 48 59 79
0537 (10/04/1999) 04 22 49 53 64
0538 (13/04/1999) 25 29 34 59 66
0539 (15/04/1999) 19 42 63 75 78
0540 (17/04/1999) 04 08 15 20 32
0541 (20/04/1999) 06 13 18 21 80
0542 (24/04/1999) 25 33 40 54 71
0543 (27/04/1999) 07 19 36 43 74
0544 (29/04/1999) 09 40 47 48 53
0545 (01/05/1999) 06 20 44 48 76
0546 (04/05/1999) 01 32 45 52 72
0547 (06/05/1999) 02 16 27 30 56
0548 (08/05/1999) 14 20 46 49 80
0549 (11/05/1999) 19 33 50 53 70
0550 (13/05/1999) 12 28 51 53 67
0551 (15/05/1999) 14 35 37 57 65
0552 (18/05/1999) 08 15 16 44 56
0553 (20/05/1999) 12 16 27 28 78
0554 (22/05/1999) 04 09 20 35 80
0555 (25/05/1999) 19 30 47 54 55
0556 (27/05/1999) 15 46 55 59 69
0557 (29/05/1999) 10 36 48 71 77
0558 (01/06/1999) 27 45 46 61 75
0559 (05/06/1999) 06 07 39 41 62
0560 (08/06/1999) 17 22 39 58 75
0561 (10/06/1999) 03 17 21 25 39
0562 (12/06/1999) 15 30 43 56 58
0563 (15/06/1999) 46 57 62 76 80
0564 (17/06/1999) 07 31 42 46 56
0565 (19/06/1999) 37 40 51 64 74
0566 (22/06/1999) 07 21 23 29 52
0567 (24/06/1999) 03 29 65 69 79
0568 (26/06/1999) 13 15 48 49 80
0569 (29/06/1999) 35 49 56 75 76
0570 (01/07/1999) 03 20 40 57 60
0571 (03/07/1999) 19 22 35 44 45
0572 (06/07/1999) 01 05 14 24 25
0573 (08/07/1999) 10 25 31 32 54
0574 (10/07/1999) 12 19 44 68 75
0575 (13/07/1999) 03 16 36 55 62
0576 (15/07/1999) 18 28 45 52 59
0577 (17/07/1999) 05 06 17 23 45
0578 (20/07/1999) 07 11 34 47 74
0579 (22/07/1999) 05 23 47 50 61
0580 (24/07/1999) 04 17 18 27 56
0581 (27/07/1999) 21 30 54 66 72
0582 (29/07/1999) 11 16 23 32 59
0583 (31/07/1999) 10 35 39 57 70
0584 (03/08/1999) 09 18 20 53 70
0585 (05/08/1999) 07 10 29 37 63
0586 (07/08/1999) 12 19 22 31 42
0587 (10/08/1999) 05 44 59 74 79
0588 (12/08/1999) 06 33 49 74 75
0589 (14/08/1999) 15 20 28 31 53
0590 (17/08/1999) 18 22 30 47 52
0591 (19/08/1999) 14 20 28 43 48
0592 (21/08/1999) 10 17 34 51 63
0593 (24/08/1999) 09 14 32 41 79
0594 (26/08/1999) 08 14 33 37 73
0595 (28/08/1999) 08 23 32 40 44
0596 (31/08/1999) 03 17 29 61 75
0597 (02/09/1999) 24 33 41 69 74
0598 (04/09/1999) 13 18 39 65 71
0599 (09/09/1999) 22 32 37 47 51
0600 (11/09/1999) 16 34 41 51 54
0601 (14/09/1999) 09 38 52 62 78
0602 (16/09/1999) 01 22 33 42 52
0603 (18/09/1999) 21 25 33 37 55
0604 (21/09/1999) 07 23 46 63 67
0605 (23/09/1999) 19 32 37 44 69
0606 (25/09/1999) 02 23 40 43 66
0607 (28/09/1999) 01 21 33 46 76
0608 (30/09/1999) 12 32 38 64 79
0609 (02/10/1999) 28 49 58 63 76
0610 (05/10/1999) 25 49 70 76 78
0611 (07/10/1999) 04 31 38 47 78
0612 (09/10/1999) 22 23 26 45 63
0613 (14/10/1999) 01 21 28 70 79
0614 (16/10/1999) 16 22 42 51 57
0615 (19/10/1999) 01 11 23 53 67
0616 (21/10/1999) 07 17 40 58 73
0617 (23/10/1999) 08 10 11 14 50
0618 (26/10/1999) 35 49 54 64 68
0619 (28/10/1999) 01 11 25 33 79
0620 (30/10/1999) 10 17 18 24 40
0621 (04/11/1999) 09 25 33 53 68
0622 (06/11/1999) 01 17 34 40 46
0623 (09/11/1999) 26 33 44 50 79
0624 (11/11/1999) 44 45 46 49 67
0625 (13/11/1999) 13 32 42 59 69
0626 (18/11/1999) 07 33 38 58 76
0627 (20/11/1999) 31 44 49 70 80
0628 (23/11/1999) 46 52 56 60 65
0629 (25/11/1999) 26 34 42 64 78
0630 (27/11/1999) 07 45 56 59 61
0631 (30/11/1999) 29 53 58 61 68
0632 (02/12/1999) 17 20 21 42 48
0633 (04/12/1999) 08 20 59 61 66
0634 (07/12/1999) 34 50 60 71 73
0635 (09/12/1999) 01 25 36 50 62
0636 (11/12/1999) 11 32 40 43 57
0637 (14/12/1999) 09 15 23 41 67
0638 (16/12/1999) 07 49 51 64 69
0639 (18/12/1999) 17 35 55 62 77
0640 (21/12/1999) 05 14 39 57 72
0641 (23/12/1999) 15 56 63 65 76
0642 (28/12/1999) 10 20 36 58 60
0643 (30/12/1999) 02 09 41 53 60
0644 (04/01/2000) 12 27 28 34 49
0645 (06/01/2000) 02 15 22 25 74
0646 (08/01/2000) 03 08 36 44 63
0647 (11/01/2000) 19 43 52 59 74
0648 (13/01/2000) 24 31 39 60 72
0649 (15/01/2000) 29 38 71 73 78
0650 (18/01/2000) 11 23 33 52 70
0651 (20/01/2000) 23 27 40 72 73
0652 (22/01/2000) 03 27 47 66 76
0653 (25/01/2000) 07 08 10 45 46
0654 (27/01/2000) 03 13 48 55 68
0655 (29/01/2000) 11 21 31 40 41
0656 (01/02/2000) 12 27 40 58 67
0657 (03/02/2000) 41 62 70 79 80
0658 (05/02/2000) 03 25 44 60 69
0659 (08/02/2000) 09 24 39 49 64
0660 (10/02/2000) 42 45 53 70 73
0661 (12/02/2000) 12 29 33 62 74
0662 (15/02/2000) 07 19 22 40 73
0663 (17/02/2000) 34 36 51 69 70
0664 (19/02/2000) 10 12 37 38 65
0665 (22/02/2000) 08 28 70 77 78
0666 (24/02/2000) 15 16 27 50 64
0667 (26/02/2000) 34 44 55 60 63
0668 (29/02/2000) 04 11 38 39 51
0669 (02/03/2000) 02 16 31 55 61
0670 (04/03/2000) 08 18 30 34 76
0671 (09/03/2000) 12 63 65 74 77
0672 (11/03/2000) 10 49 53 57 62
0673 (14/03/2000) 12 25 31 48 79
0674 (16/03/2000) 02 06 50 56 80
0675 (18/03/2000) 14 37 58 70 79
0676 (21/03/2000) 17 19 48 50 66
0677 (23/03/2000) 04 09 20 31 38
0678 (25/03/2000) 13 38 40 64 71
0679 (28/03/2000) 26 33 48 58 77
0680 (30/03/2000) 35 36 50 63 71
0681 (01/04/2000) 15 24 53 65 66
0682 (04/04/2000) 33 40 51 59 79
0683 (06/04/2000) 24 25 35 37 70
0684 (08/04/2000) 09 44 53 73 76
0685 (11/04/2000) 04 30 46 52 71
0686 (13/04/2000) 18 46 49 61 76
0687 (15/04/2000) 33 58 64 69 78
0688 (18/04/2000) 06 16 37 52 71
0689 (20/04/2000) 01 13 17 25 73
0690 (25/04/2000) 13 26 33 39 56
0691 (27/04/2000) 41 44 47 63 69
0692 (29/04/2000) 02 14 22 35 66
0693 (04/05/2000) 16 24 37 41 69
0694 (06/05/2000) 17 44 51 61 63
0695 (09/05/2000) 13 24 29 38 43
0696 (11/05/2000) 28 43 63 65 69
0697 (13/05/2000) 19 28 31 53 66
0698 (16/05/2000) 01 02 10 19 60
0699 (18/05/2000) 08 25 51 58 75
0700 (20/05/2000) 02 25 36 42 59
0701 (23/05/2000) 21 57 65 79 80
0702 (25/05/2000) 09 19 40 54 73
0703 (27/05/2000) 03 23 55 57 78
0704 (30/05/2000) 15 27 42 60 63
0705 (01/06/2000) 36 37 51 54 67
0706 (03/06/2000) 27 33 56 57 73
0707 (06/06/2000) 01 52 53 57 80
0708 (08/06/2000) 05 08 11 12 62
0709 (10/06/2000) 05 26 39 51 53
0710 (13/06/2000) 28 31 34 39 70
0711 (15/06/2000) 13 14 32 54 60
0712 (17/06/2000) 12 18 41 62 67
0713 (20/06/2000) 07 12 23 38 39
0714 (24/06/2000) 13 48 71 73 75
0715 (27/06/2000) 23 32 38 49 74
0716 (29/06/2000) 08 43 49 54 71
0717 (01/07/2000) 13 16 23 40 49
0718 (04/07/2000) 22 32 37 46 70
0719 (06/07/2000) 01 07 14 43 68
0720 (08/07/2000) 05 32 34 47 78
0721 (11/07/2000) 09 24 49 70 72
0722 (13/07/2000) 05 14 65 71 73
0723 (15/07/2000) 12 20 64 69 77
0724 (18/07/2000) 08 42 45 47 63
0725 (20/07/2000) 02 43 56 59 60
0726 (22/07/2000) 14 18 31 78 79
0727 (25/07/2000) 02 04 45 46 51
0728 (27/07/2000) 03 19 34 43 61
0729 (29/07/2000) 25 38 54 61 71
0730 (01/08/2000) 08 11 25 48 61
0731 (03/08/2000) 03 09 42 53 69
0732 (05/08/2000) 07 10 28 62 78
0733 (08/08/2000) 16 32 59 73 76
0734 (10/08/2000) 07 08 13 49 65
0735 (12/08/2000) 29 57 59 77 79
0736 (15/08/2000) 14 17 43 44 57
0737 (17/08/2000) 22 43 44 64 68
0738 (19/08/2000) 02 18 33 56 79
0739 (22/08/2000) 01 04 59 74 80
0740 (24/08/2000) 04 11 36 58 75
0741 (26/08/2000) 10 22 40 55 79
0742 (29/08/2000) 15 52 62 65 72
0743 (31/08/2000) 11 43 70 77 80
0744 (02/09/2000) 04 19 58 67 79
0745 (05/09/2000) 24 37 49 54 57
0746 (09/09/2000) 35 39 40 42 71
0747 (12/09/2000) 16 32 38 45 71
0748 (14/09/2000) 27 43 45 64 67
0749 (16/09/2000) 18 34 37 40 55
0750 (19/09/2000) 08 37 56 58 63
0751 (21/09/2000) 19 38 41 53 78
0752 (23/09/2000) 06 18 34 37 57
0753 (26/09/2000) 19 34 54 61 63
0754 (28/09/2000) 22 26 29 47 60
0755 (30/09/2000) 11 38 50 61 80
0756 (03/10/2000) 15 30 39 67 73
0757 (05/10/2000) 05 29 44 66 72
0758 (07/10/2000) 14 17 60 64 69
0759 (10/10/2000) 04 21 56 63 67
0760 (14/10/2000) 09 32 61 64 75
0761 (17/10/2000) 08 22 25 43 46
0762 (19/10/2000) 12 18 52 63 75
0763 (21/10/2000) 18 25 26 47 70
0764 (24/10/2000) 04 09 28 33 38
0765 (26/10/2000) 17 28 30 31 69
0766 (28/10/2000) 15 19 55 59 74
0767 (31/10/2000) 15 46 49 61 64
0768 (04/11/2000) 01 23 31 41 60
0769 (07/11/2000) 08 28 34 60 65
0770 (09/11/2000) 26 64 69 71 76
0771 (11/11/2000) 13 31 52 63 76
0772 (14/11/2000) 07 08 13 18 24
0773 (18/11/2000) 21 24 38 73 79
0774 (21/11/2000) 18 22 61 68 72
0775 (23/11/2000) 02 11 42 54 61
0776 (25/11/2000) 14 29 60 61 62
0777 (28/11/2000) 18 35 48 63 65
0778 (30/11/2000) 33 39 65 66 71
0779 (02/12/2000) 11 14 20 24 70
0780 (05/12/2000) 24 30 31 41 58
0781 (07/12/2000) 02 17 50 61 70
0782 (09/12/2000) 07 40 53 54 77
0783 (12/12/2000) 10 14 48 49 73
0784 (14/12/2000) 07 30 60 66 77
0785 (16/12/2000) 28 41 55 56 75
0786 (19/12/2000) 16 26 56 72 80
0787 (21/12/2000) 13 15 25 42 77
0788 (23/12/2000) 03 25 31 44 64
0789 (28/12/2000) 25 31 53 66 80
0790 (30/12/2000) 06 07 31 52 78
0791 (04/01/2001) 06 38 50 66 69
0792 (06/01/2001) 04 07 14 34 73
0793 (09/01/2001) 01 09 14 31 70
0794 (11/01/2001) 14 19 37 46 61
0795 (13/01/2001) 02 54 58 76 79
0796 (16/01/2001) 15 38 39 48 79
0797 (18/01/2001) 11 18 34 39 55
0798 (20/01/2001) 12 27 52 57 69
0799 (23/01/2001) 12 29 44 67 80
0800 (25/01/2001) 13 28 44 45 66
0801 (27/01/2001) 25 33 45 66 79
0802 (30/01/2001) 03 25 28 51 70
0803 (01/02/2001) 29 32 42 52 59
0804 (03/02/2001) 08 26 38 46 74
0805 (06/02/2001) 13 22 41 42 71
0806 (08/02/2001) 36 39 42 61 68
0807 (10/02/2001) 05 16 24 61 65
0808 (13/02/2001) 31 37 38 49 67
0809 (15/02/2001) 31 61 65 77 80
0810 (17/02/2001) 12 13 21 53 77
0811 (20/02/2001) 02 42 51 53 59
0812 (22/02/2001) 11 18 43 72 73
0813 (24/02/2001) 07 23 65 71 74
0814 (01/03/2001) 09 19 28 46 76
0815 (03/03/2001) 18 32 34 48 65
0816 (06/03/2001) 02 11 42 60 62
0817 (08/03/2001) 19 35 42 54 65
0818 (10/03/2001) 11 32 43 58 61
0819 (13/03/2001) 07 11 31 76 78
0820 (15/03/2001) 07 48 53 62 74
0821 (17/03/2001) 09 18 30 54 75
0822 (20/03/2001) 25 30 34 49 66
0823 (22/03/2001) 11 32 38 43 80
0824 (24/03/2001) 25 26 53 55 73
0825 (27/03/2001) 09 10 67 74 76
0826 (29/03/2001) 34 39 41 46 68
0827 (31/03/2001) 01 25 35 43 48
0828 (03/04/2001) 07 68 72 75 77
0829 (05/04/2001) 27 35 41 58 59
0830 (07/04/2001) 10 27 45 69 71
0831 (10/04/2001) 01 16 25 27 37
0832 (14/04/2001) 06 28 29 39 50
0833 (17/04/2001) 05 13 46 47 70
0834 (19/04/2001) 43 59 69 75 77
0835 (21/04/2001) 11 16 41 67 77
0836 (24/04/2001) 07 18 30 41 69
0837 (26/04/2001) 06 23 43 65 70
0838 (28/04/2001) 21 39 76 77 80
0839 (03/05/2001) 46 50 62 69 70
0840 (05/05/2001) 02 12 35 55 56
0841 (08/05/2001) 12 23 32 43 59
0842 (10/05/2001) 08 50 59 72 75
0843 (12/05/2001) 15 20 40 71 72
0844 (15/05/2001) 23 47 56 77 78
0845 (17/05/2001) 08 16 28 63 70
0846 (19/05/2001) 34 38 41 56 62
0847 (22/05/2001) 30 41 47 71 78
0848 (24/05/2001) 15 33 40 57 60
0849 (26/05/2001) 07 26 44 71 80
0850 (29/05/2001) 26 29 34 43 79
0851 (31/05/2001) 01 15 39 41 55
0852 (02/06/2001) 05 54 57 67 75
0853 (05/06/2001) 14 36 42 67 80
0854 (07/06/2001) 04 13 30 49 63
0855 (09/06/2001) 03 38 56 64 66
0856 (12/06/2001) 06 38 41 75 80
0857 (16/06/2001) 07 11 66 74 77
0858 (19/06/2001) 11 16 20 62 75
0859 (21/06/2001) 01 06 09 49 75
0860 (23/06/2001) 08 23 46 47 59
0861 (26/06/2001) 04 10 14 41 45
0862 (28/06/2001) 12 14 26 66 68
0863 (30/06/2001) 15 18 19 70 79
0864 (03/07/2001) 07 34 60 61 66
0865 (05/07/2001) 04 19 30 39 62
0866 (07/07/2001) 09 25 40 41 61
0867 (10/07/2001) 04 20 42 58 66
0868 (12/07/2001) 09 24 34 52 55
0869 (14/07/2001) 30 59 68 72 75
0870 (17/07/2001) 15 17 44 52 69
0871 (19/07/2001) 19 32 49 56 73
0872 (21/07/2001) 46 54 58 59 70
0873 (24/07/2001) 10 24 48 57 77
0874 (26/07/2001) 16 38 39 44 71
0875 (28/07/2001) 06 31 39 46 52
0876 (31/07/2001) 09 29 35 55 70
0877 (02/08/2001) 31 38 39 51 54
0878 (04/08/2001) 11 13 24 64 69
0879 (07/08/2001) 19 27 35 49 78
0880 (09/08/2001) 11 14 32 38 41
0881 (11/08/2001) 03 09 54 56 61
0882 (14/08/2001) 02 05 13 39 55
0883 (16/08/2001) 02 38 74 76 77
0884 (18/08/2001) 19 28 44 46 54
0885 (21/08/2001) 03 05 13 37 45
0886 (23/08/2001) 24 37 40 44 59
0887 (25/08/2001) 05 27 28 35 40
0888 (28/08/2001) 18 22 31 45 79
0889 (30/08/2001) 15 31 36 47 76
0890 (01/09/2001) 03 07 21 41 67
0891 (04/09/2001) 04 13 18 46 47
0892 (08/09/2001) 14 20 34 73 75
0893 (11/09/2001) 05 07 13 66 79
0894 (13/09/2001) 10 13 36 38 50
0895 (15/09/2001) 16 34 49 58 59
0896 (18/09/2001) 14 26 51 62 77
0897 (20/09/2001) 30 39 56 70 72
0898 (22/09/2001) 08 39 59 77 78
0899 (25/09/2001) 17 26 28 36 55
0900 (27/09/2001) 41 49 52 56 74
0901 (29/09/2001) 24 41 51 60 73
0902 (02/10/2001) 14 33 34 55 78
0903 (04/10/2001) 08 22 28 52 58
0904 (06/10/2001) 42 49 51 57 64
0905 (10/10/2001) 42 49 55 61 69
0906 (13/10/2001) 19 20 22 33 39
0907 (16/10/2001) 24 29 32 50 74
0908 (18/10/2001) 01 09 23 50 73
0909 (20/10/2001) 08 16 37 64 79
0910 (23/10/2001) 07 19 31 45 55
0911 (25/10/2001) 04 18 25 57 74
0912 (27/10/2001) 04 14 23 45 70
0913 (30/10/2001) 07 11 25 50 67
0914 (01/11/2001) 11 32 55 67 76
0915 (03/11/2001) 07 13 19 27 61
0916 (06/11/2001) 12 46 50 52 68
0917 (08/11/2001) 06 10 28 47 55
0918 (10/11/2001) 33 36 49 65 78
0919 (13/11/2001) 08 13 40 72 77
0920 (17/11/2001) 05 13 14 36 69
0921 (20/11/2001) 04 09 64 74 75
0922 (22/11/2001) 01 12 20 24 62
0923 (24/11/2001) 02 16 36 39 52
0924 (27/11/2001) 18 36 49 56 79
0925 (29/11/2001) 02 15 30 61 78
0926 (01/12/2001) 40 46 50 73 79
0927 (04/12/2001) 15 38 48 54 70
0928 (06/12/2001) 03 22 28 35 45
0929 (08/12/2001) 05 28 52 55 69
0930 (11/12/2001) 32 41 47 61 77
0931 (13/12/2001) 20 31 61 76 79
0932 (15/12/2001) 02 45 59 73 78
0933 (18/12/2001) 06 27 51 70 79
0934 (20/12/2001) 02 21 44 46 69
0935 (22/12/2001) 14 29 41 63 65
0936 (27/12/2001) 36 40 46 51 78
0937 (29/12/2001) 32 50 59 77 79
0938 (03/01/2002) 07 34 53 61 77
0939 (05/01/2002) 01 15 33 48 61
0940 (08/01/2002) 40 46 59 72 73
0941 (10/01/2002) 41 45 50 59 68
0942 (12/01/2002) 26 35 71 73 80
0943 (15/01/2002) 20 42 45 49 64
0944 (17/01/2002) 29 40 50 63 67
0945 (19/01/2002) 10 23 39 49 55
0946 (22/01/2002) 06 19 28 44 79
0947 (24/01/2002) 16 23 24 37 79
0948 (26/01/2002) 21 34 41 71 75
0949 (29/01/2002) 20 45 52 57 74
0950 (31/01/2002) 03 11 14 16 22
0951 (02/02/2002) 05 21 43 58 74
0952 (05/02/2002) 14 17 19 36 37
0953 (07/02/2002) 02 05 18 45 70
0954 (09/02/2002) 33 51 56 66 67
0955 (14/02/2002) 22 44 73 75 76
0956 (16/02/2002) 15 23 25 48 49
0957 (19/02/2002) 20 32 38 40 72
0958 (21/02/2002) 36 48 61 62 79
0959 (23/02/2002) 07 11 47 54 61
0960 (26/02/2002) 16 25 49 50 80
0961 (28/02/2002) 13 31 51 56 69
0962 (02/03/2002) 22 25 47 51 74
0963 (05/03/2002) 28 45 55 71 80
0964 (07/03/2002) 28 36 38 53 57
0965 (09/03/2002) 10 39 43 59 71
0966 (12/03/2002) 08 30 34 37 44
0967 (14/03/2002) 09 19 49 53 64
0968 (16/03/2002) 17 37 51 55 61
0969 (19/03/2002) 06 11 41 43 53
0970 (21/03/2002) 03 31 50 65 70
0971 (23/03/2002) 17 32 53 75 78
0972 (26/03/2002) 17 28 35 38 56
0973 (28/03/2002) 06 19 34 42 52
0974 (30/03/2002) 22 42 61 64 72
0975 (02/04/2002) 02 16 44 58 64
0976 (04/04/2002) 18 27 46 61 71
0977 (06/04/2002) 27 36 53 54 69
0978 (09/04/2002) 04 12 24 39 69
0979 (11/04/2002) 04 41 48 55 59
0980 (13/04/2002) 27 46 51 57 67
0981 (16/04/2002) 16 18 31 56 74
0982 (18/04/2002) 16 24 32 33 61
0983 (20/04/2002) 01 26 31 37 49
0984 (23/04/2002) 03 04 34 47 65
0985 (25/04/2002) 19 36 44 60 70
0986 (27/04/2002) 03 17 30 52 64
0987 (30/04/2002) 06 27 46 54 59
0988 (02/05/2002) 12 19 56 72 76
0989 (04/05/2002) 02 03 22 61 69
0990 (07/05/2002) 03 12 14 64 73
0991 (09/05/2002) 01 05 52 54 64
0992 (11/05/2002) 05 17 20 54 78
0993 (14/05/2002) 16 40 48 58 66
0994 (16/05/2002) 02 35 36 53 59
0995 (18/05/2002) 25 27 32 68 80
0996 (21/05/2002) 01 06 21 31 49
0997 (23/05/2002) 03 09 13 19 43
0998 (25/05/2002) 03 15 36 43 47
0999 (28/05/2002) 03 12 44 46 49
1000 (01/06/2002) 14 23 34 54 69
1001 (04/06/2002) 03 39 47 54 63
1002 (06/06/2002) 16 30 39 56 76
1003 (08/06/2002) 26 28 52 58 79
1004 (11/06/2002) 17 32 49 51 67
1005 (13/06/2002) 02 38 42 44 59
1006 (15/06/2002) 11 25 36 59 73
1007 (18/06/2002) 17 20 41 52 70
1008 (20/06/2002) 10 12 13 35 74
1009 (22/06/2002) 08 18 43 55 75
1010 (25/06/2002) 13 21 22 65 77
1011 (27/06/2002) 03 15 37 58 68
1012 (29/06/2002) 17 18 41 56 78
1013 (02/07/2002) 17 18 24 26 69
1014 (04/07/2002) 31 32 38 42 64
1015 (06/07/2002) 01 16 56 64 80
1016 (09/07/2002) 03 35 53 58 68
1017 (11/07/2002) 24 26 40 42 55
1018 (13/07/2002) 20 45 59 69 80
1019 (16/07/2002) 10 11 22 39 72
1020 (18/07/2002) 06 25 27 37 52
1021 (20/07/2002) 02 04 32 53 80
1022 (23/07/2002) 14 39 46 51 76
1023 (25/07/2002) 19 34 38 49 70
1024 (27/07/2002) 13 18 20 35 70
1025 (30/07/2002) 06 16 21 32 50
1026 (01/08/2002) 06 10 21 45 75
1027 (03/08/2002) 30 38 48 50 64
1028 (06/08/2002) 02 06 07 29 30
1029 (08/08/2002) 18 34 40 50 51
1030 (10/08/2002) 04 24 47 49 69
1031 (13/08/2002) 22 29 39 56 80
1032 (15/08/2002) 02 14 17 29 47
1033 (17/08/2002) 10 30 41 56 69
1034 (20/08/2002) 13 20 24 42 43
1035 (22/08/2002) 09 16 41 70 72
1036 (24/08/2002) 05 29 36 50 71
1037 (27/08/2002) 05 31 64 68 73
1038 (29/08/2002) 19 40 49 73 79
1039 (31/08/2002) 14 25 28 51 63
1040 (03/09/2002) 07 11 22 48 63
1041 (05/09/2002) 10 25 53 61 67
1042 (07/09/2002) 22 31 45 47 70
1043 (10/09/2002) 12 28 73 78 80
1044 (12/09/2002) 10 12 25 31 70
1045 (14/09/2002) 02 07 25 30 67
1046 (17/09/2002) 23 32 40 46 55
1047 (19/09/2002) 29 56 65 68 72
1048 (21/09/2002) 10 32 44 69 77
1049 (24/09/2002) 26 29 37 75 80
1050 (26/09/2002) 22 36 53 54 59
1051 (28/09/2002) 02 42 44 49 63
1052 (01/10/2002) 04 12 26 54 62
1053 (03/10/2002) 25 35 36 40 71
1054 (05/10/2002) 10 52 56 66 73
1055 (08/10/2002) 16 19 29 30 73
1056 (10/10/2002) 09 12 34 41 46
1057 (12/10/2002) 09 13 14 48 69
1058 (15/10/2002) 08 39 51 57 68
1059 (17/10/2002) 11 16 17 43 63
1060 (19/10/2002) 26 40 42 53 76
1061 (22/10/2002) 28 33 34 41 53
1062 (24/10/2002) 39 46 51 55 70
1063 (26/10/2002) 05 18 28 53 59
1064 (29/10/2002) 10 18 35 43 62
1065 (31/10/2002) 04 06 08 27 46
1066 (02/11/2002) 37 44 66 73 80
1067 (05/11/2002) 11 35 42 78 80
1068 (07/11/2002) 13 37 40 47 57
1069 (09/11/2002) 28 43 47 53 73
1070 (12/11/2002) 03 26 29 56 59
1071 (14/11/2002) 13 48 50 73 78
1072 (16/11/2002) 07 23 33 53 77
1073 (19/11/2002) 23 42 57 58 78
1074 (21/11/2002) 03 04 10 57 76
1075 (23/11/2002) 40 48 54 61 66
1076 (26/11/2002) 29 33 36 64 73
1077 (28/11/2002) 06 34 41 48 73
1078 (30/11/2002) 11 22 24 55 64
1079 (03/12/2002) 05 07 45 48 68
1080 (05/12/2002) 05 33 34 48 68
1081 (07/12/2002) 02 04 40 64 78
1082 (10/12/2002) 21 23 24 28 72
1083 (12/12/2002) 26 33 41 46 49
1084 (14/12/2002) 09 31 49 56 72
1085 (17/12/2002) 10 22 26 70 74
1086 (19/12/2002) 05 38 49 64 74
1087 (21/12/2002) 04 06 15 29 32
1088 (26/12/2002) 01 07 31 46 60
1089 (28/12/2002) 19 22 44 55 73
1090 (02/01/2003) 28 30 36 55 78
1091 (04/01/2003) 15 23 43 45 78
1092 (07/01/2003) 12 42 55 63 64
1093 (09/01/2003) 12 24 28 31 70
1094 (11/01/2003) 03 19 36 46 64
1095 (14/01/2003) 09 18 21 32 52
1096 (16/01/2003) 09 26 38 45 63
1097 (18/01/2003) 02 18 46 61 74
1098 (21/01/2003) 01 10 13 31 42
1099 (23/01/2003) 09 27 30 50 57
1100 (25/01/2003) 18 28 39 54 74
1101 (28/01/2003) 41 65 74 78 80
1102 (30/01/2003) 20 22 29 39 50
1103 (01/02/2003) 20 32 33 43 74
1104 (04/02/2003) 01 29 35 41 59
1105 (06/02/2003) 36 37 38 48 78
1106 (08/02/2003) 16 25 30 62 73
1107 (11/02/2003) 08 11 18 49 79
1108 (13/02/2003) 13 15 21 45 53
1109 (15/02/2003) 08 11 29 35 55
1110 (18/02/2003) 31 40 44 51 80
1111 (20/02/2003) 07 31 35 39 45
1112 (22/02/2003) 15 25 51 65 70
1113 (25/02/2003) 02 14 16 34 54
1114 (27/02/2003) 08 12 16 40 59
1115 (01/03/2003) 04 42 52 56 73
1116 (06/03/2003) 04 19 29 33 70
1117 (08/03/2003) 03 10 23 32 51
1118 (11/03/2003) 10 36 42 62 70
1119 (13/03/2003) 44 46 65 73 74
1120 (15/03/2003) 27 33 48 55 76
1121 (18/03/2003) 26 40 42 74 76
1122 (20/03/2003) 09 39 45 52 77
1123 (22/03/2003) 18 21 42 56 75
1124 (25/03/2003) 26 33 62 65 67
1125 (27/03/2003) 33 45 48 73 77
1126 (29/03/2003) 05 41 56 74 79
1127 (01/04/2003) 18 22 32 46 72
1128 (03/04/2003) 04 08 10 34 70
1129 (05/04/2003) 03 19 27 58 66
1130 (08/04/2003) 08 17 46 53 74
1131 (10/04/2003) 18 23 45 56 72
1132 (12/04/2003) 35 42 45 63 77
1133 (15/04/2003) 22 28 38 46 68
1134 (17/04/2003) 02 27 33 56 66
1135 (19/04/2003) 18 32 41 72 76
1136 (22/04/2003) 05 12 16 47 58
1137 (24/04/2003) 10 19 33 39 78
1138 (26/04/2003) 07 11 18 40 51
1139 (29/04/2003) 18 31 45 61 71
1140 (01/05/2003) 31 34 38 58 61
1141 (03/05/2003) 36 49 62 77 78
1142 (06/05/2003) 22 39 56 64 73
1143 (08/05/2003) 05 42 44 69 78
1144 (10/05/2003) 07 16 61 66 70
1145 (13/05/2003) 24 27 44 61 70
1146 (15/05/2003) 13 16 45 64 78
1147 (17/05/2003) 34 51 54 60 66
1148 (20/05/2003) 20 23 44 52 69
1149 (22/05/2003) 23 24 60 67 69
1150 (24/05/2003) 04 30 33 39 47
1151 (27/05/2003) 23 30 54 57 67
1152 (29/05/2003) 08 25 26 47 78
1153 (31/05/2003) 29 60 61 77 79
1154 (03/06/2003) 12 21 42 54 56
1155 (05/06/2003) 03 18 21 53 66
1156 (07/06/2003) 24 38 44 50 57
1157 (10/06/2003) 07 10 28 62 78
1158 (12/06/2003) 18 34 36 41 69
1159 (14/06/2003) 10 24 41 56 61
1160 (17/06/2003) 08 39 62 76 78
1161 (19/06/2003) 06 10 17 19 44
1162 (21/06/2003) 11 26 30 61 80
1163 (24/06/2003) 12 25 26 33 70
1164 (26/06/2003) 12 52 54 72 79
1165 (28/06/2003) 40 41 52 71 72
1166 (01/07/2003) 07 24 54 60 64
1167 (03/07/2003) 14 17 28 39 66
1168 (05/07/2003) 01 15 31 58 74
1169 (08/07/2003) 14 15 20 43 44
1170 (10/07/2003) 09 10 15 54 79
1171 (12/07/2003) 04 07 28 29 78
1172 (15/07/2003) 01 33 47 60 64
1173 (17/07/2003) 13 18 40 52 70
1174 (19/07/2003) 45 58 71 73 79
1175 (22/07/2003) 20 23 40 42 47
1176 (24/07/2003) 08 10 31 32 61
1177 (26/07/2003) 29 35 38 43 75
1178 (29/07/2003) 01 56 60 68 80
1179 (31/07/2003) 15 52 66 71 78
1180 (02/08/2003) 03 16 19 22 38
1181 (05/08/2003) 07 21 42 43 60
1182 (07/08/2003) 03 06 08 36 66
1183 (09/08/2003) 21 42 52 66 79
1184 (12/08/2003) 02 21 34 47 60
1185 (14/08/2003) 18 38 40 68 72
1186 (16/08/2003) 21 26 42 50 54
1187 (19/08/2003) 05 15 18 55 78
1188 (21/08/2003) 04 14 72 73 74
1189 (23/08/2003) 04 17 21 39 76
1190 (26/08/2003) 19 40 44 71 73
1191 (28/08/2003) 06 27 40 46 71
1192 (30/08/2003) 03 18 70 79 80
1193 (02/09/2003) 07 09 70 73 74
1194 (04/09/2003) 04 15 46 54 59
1195 (06/09/2003) 07 22 47 61 64
1196 (09/09/2003) 12 14 38 61 62
1197 (11/09/2003) 05 21 43 51 66
1198 (13/09/2003) 09 13 28 48 80
1199 (16/09/2003) 24 26 32 40 56
1200 (18/09/2003) 16 30 42 58 65
1201 (20/09/2003) 10 13 42 60 61
1202 (23/09/2003) 31 38 62 73 76
1203 (25/09/2003) 09 34 39 42 75
1204 (27/09/2003) 05 07 30 49 62
1205 (30/09/2003) 17 30 37 44 77
1206 (02/10/2003) 03 09 33 37 40
1207 (04/10/2003) 11 25 43 61 71
1208 (07/10/2003) 08 14 53 67 69
1209 (09/10/2003) 24 36 43 73 75
1210 (11/10/2003) 11 29 31 49 51
1211 (14/10/2003) 19 40 52 65 78
1212 (16/10/2003) 14 32 52 72 75
1213 (18/10/2003) 07 24 41 52 77
1214 (21/10/2003) 01 07 40 42 47
1215 (23/10/2003) 19 22 32 65 71
1216 (25/10/2003) 38 43 44 48 77
1217 (28/10/2003) 07 12 19 58 72
1218 (30/10/2003) 10 21 29 54 78
1219 (01/11/2003) 09 19 34 55 60
1220 (04/11/2003) 37 39 44 59 75
1221 (06/11/2003) 03 15 52 66 76
1222 (08/11/2003) 26 33 46 58 79
1223 (11/11/2003) 16 42 51 61 66
1224 (13/11/2003) 10 13 18 78 79
1225 (15/11/2003) 06 25 35 38 40
1226 (18/11/2003) 14 18 25 35 66
1227 (20/11/2003) 45 53 68 73 77
1228 (22/11/2003) 28 31 40 52 55
1229 (25/11/2003) 30 35 40 50 67
1230 (27/11/2003) 02 49 51 68 80
1231 (29/11/2003) 16 44 49 50 53
1232 (02/12/2003) 38 49 58 66 70
1233 (04/12/2003) 04 31 35 45 72
1234 (06/12/2003) 05 33 39 44 52
1235 (09/12/2003) 05 27 53 69 72
1236 (11/12/2003) 31 32 52 53 54
1237 (13/12/2003) 19 21 49 53 76
1238 (16/12/2003) 06 16 33 36 47
1239 (18/12/2003) 60 62 64 65 68
1240 (20/12/2003) 19 26 30 43 46
1241 (23/12/2003) 12 24 28 37 71
1242 (27/12/2003) 08 13 24 26 34
1243 (30/12/2003) 29 39 59 60 65
1244 (03/01/2004) 04 10 44 63 76
1245 (06/01/2004) 04 20 53 59 70
1246 (08/01/2004) 18 22 44 63 75
1247 (10/01/2004) 14 16 26 29 47
1248 (13/01/2004) 04 05 19 29 41
1249 (15/01/2004) 08 34 35 51 79
1250 (17/01/2004) 04 05 10 68 77
1251 (20/01/2004) 35 51 52 71 77
1252 (22/01/2004) 01 08 34 56 80
1253 (24/01/2004) 03 35 44 65 77
1254 (27/01/2004) 16 30 31 55 69
1255 (29/01/2004) 04 31 57 68 76
1256 (31/01/2004) 05 07 11 29 41
1257 (03/02/2004) 15 30 43 63 64
1258 (05/02/2004) 16 28 33 57 64
1259 (07/02/2004) 14 16 38 46 50
1260 (10/02/2004) 04 13 32 33 51
1261 (12/02/2004) 04 25 45 62 78
1262 (14/02/2004) 22 23 25 36 39
1263 (17/02/2004) 08 19 39 70 80
1264 (19/02/2004) 02 17 20 54 71
1265 (21/02/2004) 11 21 28 38 64
1266 (26/02/2004) 17 18 49 50 63
1267 (28/02/2004) 21 26 39 66 76
1268 (02/03/2004) 30 37 48 57 76
1269 (04/03/2004) 13 19 38 39 49
1270 (06/03/2004) 04 25 36 46 63
1271 (09/03/2004) 01 19 34 39 68
1272 (11/03/2004) 05 13 14 64 68
1273 (13/03/2004) 15 26 31 41 56
1274 (16/03/2004) 42 43 60 62 80
1275 (18/03/2004) 19 38 47 49 74
1276 (20/03/2004) 03 14 24 33 75
1277 (23/03/2004) 13 18 29 30 44
1278 (25/03/2004) 09 15 33 40 74
1279 (27/03/2004) 06 18 24 39 70
1280 (30/03/2004) 11 13 24 29 48
1281 (01/04/2004) 27 39 50 74 76
1282 (03/04/2004) 46 65 67 69 70
1283 (06/04/2004) 15 21 29 40 52
1284 (08/04/2004) 04 09 44 45 77
1285 (10/04/2004) 19 34 58 60 72
1286 (13/04/2004) 41 43 49 56 58
1287 (15/04/2004) 12 34 35 44 63
1288 (17/04/2004) 01 04 23 65 74
1289 (20/04/2004) 37 61 68 71 76
1290 (22/04/2004) 52 53 61 66 78
1291 (24/04/2004) 17 46 53 58 63
1292 (27/04/2004) 15 26 32 56 60
1293 (29/04/2004) 05 36 75 77 78
1294 (01/05/2004) 08 09 42 55 57
1295 (04/05/2004) 02 22 24 56 78
1296 (06/05/2004) 06 07 36 49 54
1297 (08/05/2004) 29 33 51 56 58
1298 (11/05/2004) 12 24 60 66 77
1299 (13/05/2004) 33 50 52 73 79
1300 (15/05/2004) 16 34 38 54 65
1301 (18/05/2004) 53 55 63 64 75
1302 (20/05/2004) 07 10 15 26 77
1303 (22/05/2004) 05 09 39 49 69
1304 (25/05/2004) 04 05 27 64 72
1305 (27/05/2004) 07 08 18 25 35
1306 (29/05/2004) 29 34 40 45 47
1307 (01/06/2004) 09 16 36 48 67
1308 (03/06/2004) 15 47 71 72 74
1309 (05/06/2004) 05 28 36 39 80
1310 (08/06/2004) 15 20 31 35 69
1311 (12/06/2004) 34 38 52 65 74
1312 (15/06/2004) 12 22 31 36 47
1313 (17/06/2004) 14 27 39 41 49
1314 (19/06/2004) 10 38 47 68 76
1315 (22/06/2004) 05 33 38 51 65
1316 (24/06/2004) 39 42 51 70 71
1317 (26/06/2004) 05 29 39 66 68
1318 (29/06/2004) 05 10 39 66 78
1319 (01/07/2004) 18 24 32 37 39
1320 (03/07/2004) 09 33 37 61 69
1321 (06/07/2004) 18 34 39 65 66
1322 (08/07/2004) 16 28 43 47 68
1323 (10/07/2004) 19 31 52 55 75
1324 (13/07/2004) 03 34 47 48 71
1325 (15/07/2004) 20 22 25 27 73
1326 (17/07/2004) 24 44 58 67 77
1327 (20/07/2004) 07 18 44 57 61
1328 (22/07/2004) 04 14 47 70 73
1329 (24/07/2004) 21 25 59 74 80
1330 (27/07/2004) 22 45 52 56 71
1331 (29/07/2004) 27 30 38 40 46
1332 (31/07/2004) 19 21 25 44 71
1333 (03/08/2004) 14 23 46 70 75
1334 (05/08/2004) 12 22 49 50 63
1335 (07/08/2004) 13 32 69 76 79
1336 (10/08/2004) 01 05 26 41 67
1337 (12/08/2004) 19 21 36 58 79
1338 (14/08/2004) 09 15 19 45 75
1339 (17/08/2004) 22 26 27 41 79
1340 (19/08/2004) 12 27 48 66 67
1341 (21/08/2004) 13 15 33 41 48
1342 (24/08/2004) 21 35 61 69 80
1343 (26/08/2004) 18 21 30 34 66
1344 (28/08/2004) 32 47 73 79 80
1345 (31/08/2004) 22 35 54 61 66
1346 (02/09/2004) 11 13 28 32 58
1347 (04/09/2004) 18 30 37 45 70
1348 (09/09/2004) 04 30 52 64 72
1349 (11/09/2004) 03 35 45 49 76
1350 (14/09/2004) 18 28 53 64 69
1351 (16/09/2004) 08 12 36 43 48
1352 (18/09/2004) 09 11 40 52 79
1353 (21/09/2004) 04 16 42 45 58
1354 (23/09/2004) 04 14 22 40 53
1355 (25/09/2004) 04 13 30 32 55
1356 (28/09/2004) 05 41 42 54 72
1357 (30/09/2004) 15 16 59 68 78
1358 (02/10/2004) 16 24 44 72 78
1359 (05/10/2004) 12 26 50 60 74
1360 (07/10/2004) 05 09 51 53 58
1361 (09/10/2004) 12 39 46 73 77
1362 (14/10/2004) 20 43 54 63 72
1363 (16/10/2004) 31 53 54 62 73
1364 (19/10/2004) 06 35 37 42 56
1365 (21/10/2004) 11 12 32 53 59
1366 (23/10/2004) 06 59 61 76 80
1367 (26/10/2004) 23 37 56 71 77
1368 (28/10/2004) 38 59 69 70 71
1369 (30/10/2004) 12 13 17 19 67
1370 (04/11/2004) 02 38 47 57 63
1371 (06/11/2004) 05 20 52 64 74
1372 (09/11/2004) 14 19 21 54 78
1373 (11/11/2004) 21 47 66 67 78
1374 (13/11/2004) 32 60 62 64 77
1375 (18/11/2004) 06 26 27 68 70
1376 (20/11/2004) 35 42 45 63 78
1377 (23/11/2004) 06 07 15 60 67
1378 (25/11/2004) 19 39 54 55 61
1379 (27/11/2004) 33 46 50 66 76
1380 (30/11/2004) 39 50 55 76 78
1381 (02/12/2004) 05 24 28 31 45
1382 (04/12/2004) 07 09 22 53 64
1383 (07/12/2004) 48 56 59 62 80
1384 (09/12/2004) 22 29 33 59 60
1385 (11/12/2004) 11 39 43 48 62
1386 (14/12/2004) 18 33 44 49 69
1387 (16/12/2004) 42 69 73 78 80
1388 (18/12/2004) 06 39 48 52 57
1389 (21/12/2004) 11 40 68 72 74
1390 (23/12/2004) 17 19 42 43 64
1391 (28/12/2004) 21 28 39 67 76
1392 (30/12/2004) 09 48 57 71 76
1393 (04/01/2005) 02 17 51 67 74
1394 (06/01/2005) 02 52 57 64 78
1395 (08/01/2005) 04 14 31 34 70
1396 (11/01/2005) 04 16 24 72 73
1397 (13/01/2005) 13 21 30 38 58
1398 (15/01/2005) 43 51 60 67 77
1399 (18/01/2005) 08 16 26 27 43
1400 (20/01/2005) 41 45 52 74 80
1401 (22/01/2005) 05 18 38 41 63
1402 (25/01/2005) 42 43 47 72 76
1403 (27/01/2005) 04 17 69 70 74
1404 (29/01/2005) 05 52 63 66 70
1405 (01/02/2005) 04 09 43 67 68
1406 (03/02/2005) 09 16 24 69 70
1407 (05/02/2005) 01 28 30 64 72
1408 (10/02/2005) 19 21 23 38 45
1409 (12/02/2005) 12 48 50 65 79
1410 (15/02/2005) 05 32 35 37 74
1411 (17/02/2005) 01 11 13 16 20
1412 (19/02/2005) 05 19 74 77 78
1413 (22/02/2005) 29 31 54 56 61
1414 (24/02/2005) 22 26 44 56 78
1415 (26/02/2005) 17 19 30 42 73
1416 (01/03/2005) 02 34 54 60 72
1417 (03/03/2005) 08 36 46 65 78
1418 (05/03/2005) 23 29 35 52 75
1419 (08/03/2005) 11 46 49 64 69
1420 (10/03/2005) 04 59 61 69 71
1421 (12/03/2005) 13 52 54 61 70
1422 (15/03/2005) 03 08 10 14 63
1423 (17/03/2005) 12 14 23 49 63
1424 (19/03/2005) 03 21 32 54 66
1425 (22/03/2005) 01 11 18 29 76
1426 (24/03/2005) 03 38 44 46 73
1427 (26/03/2005) 26 38 40 48 79
1428 (29/03/2005) 04 70 73 76 80
1429 (31/03/2005) 29 36 47 70 77
1430 (02/04/2005) 14 26 43 51 76
1431 (05/04/2005) 04 08 35 48 69
1432 (07/04/2005) 15 23 25 30 37
1433 (09/04/2005) 04 31 58 65 66
1434 (12/04/2005) 04 13 16 35 67
1435 (14/04/2005) 04 15 17 56 59
1436 (16/04/2005) 03 53 54 60 62
1437 (19/04/2005) 03 12 26 54 62
1438 (23/04/2005) 05 15 30 68 79
1439 (26/04/2005) 13 15 31 39 63
1440 (28/04/2005) 10 16 18 52 59
1441 (30/04/2005) 03 11 49 53 61
1442 (03/05/2005) 11 42 45 73 77
1443 (05/05/2005) 09 19 21 38 58
1444 (07/05/2005) 29 51 62 69 75
1445 (10/05/2005) 13 18 41 54 77
1446 (12/05/2005) 02 10 27 52 73
1447 (14/05/2005) 04 11 14 15 33
1448 (17/05/2005) 20 29 41 69 77
1449 (19/05/2005) 03 13 21 24 67
1450 (21/05/2005) 11 14 55 58 74
1451 (24/05/2005) 02 13 53 66 79
1452 (28/05/2005) 01 04 15 23 37
1453 (31/05/2005) 01 23 38 59 70
1454 (02/06/2005) 06 30 51 53 69
1455 (04/06/2005) 28 46 59 67 68
1456 (07/06/2005) 08 10 17 68 76
1457 (09/06/2005) 14 21 22 59 73
1458 (11/06/2005) 13 23 39 40 48
1459 (14/06/2005) 14 40 52 63 71
1460 (16/06/2005) 02 13 32 48 51
1461 (18/06/2005) 06 27 49 61 75
1462 (21/06/2005) 02 45 46 48 55
1463 (23/06/2005) 18 30 46 47 76
1464 (25/06/2005) 10 39 40 55 71
1465 (28/06/2005) 12 14 46 58 71
1466 (30/06/2005) 13 15 19 41 72
1467 (02/07/2005) 10 15 16 62 69
1468 (05/07/2005) 17 25 43 47 65
1469 (07/07/2005) 30 33 46 52 58
1470 (09/07/2005) 04 40 44 67 70
1471 (12/07/2005) 24 25 45 57 63
1472 (14/07/2005) 25 35 51 53 57
1473 (16/07/2005) 15 17 24 54 74
1474 (19/07/2005) 03 06 25 40 54
1475 (21/07/2005) 07 13 21 47 63
1476 (23/07/2005) 01 06 37 60 75
1477 (26/07/2005) 54 58 70 76 80
1478 (28/07/2005) 10 22 30 55 75
1479 (30/07/2005) 09 13 14 19 32
1480 (02/08/2005) 01 20 37 73 79
1481 (04/08/2005) 01 08 29 55 74
1482 (06/08/2005) 08 13 27 44 79
1483 (09/08/2005) 16 19 24 54 74
1484 (11/08/2005) 21 39 40 47 59
1485 (13/08/2005) 35 36 47 49 69
1486 (16/08/2005) 41 51 53 56 64
1487 (18/08/2005) 10 14 22 73 80
1488 (20/08/2005) 11 13 28 30 54
1489 (23/08/2005) 05 16 27 35 40
1490 (25/08/2005) 08 18 31 60 70
1491 (27/08/2005) 12 23 65 68 74
1492 (30/08/2005) 06 39 42 59 74
1493 (01/09/2005) 11 14 28 45 49
1494 (03/09/2005) 04 12 27 36 44
1495 (06/09/2005) 01 08 21 31 58
1496 (08/09/2005) 08 18 41 42 75
1497 (10/09/2005) 10 15 22 28 31
1498 (13/09/2005) 06 08 41 48 76
1499 (15/09/2005) 01 09 26 35 78
1500 (19/09/2005) 30 43 52 65 74
1501 (20/09/2005) 16 48 52 72 73
1502 (22/09/2005) 31 45 46 65 74
1503 (24/09/2005) 11 25 32 39 47
1504 (27/09/2005) 01 06 38 45 79
1505 (29/09/2005) 02 10 70 71 77
1506 (01/10/2005) 42 46 64 67 71
1507 (04/10/2005) 18 24 32 51 59
1508 (06/10/2005) 03 11 19 63 67
1509 (08/10/2005) 07 47 49 60 78
1510 (11/10/2005) 15 37 54 69 71
1511 (13/10/2005) 21 26 49 75 79
1512 (15/10/2005) 03 07 36 38 57
1513 (18/10/2005) 01 11 29 62 71
1514 (20/10/2005) 05 21 25 32 41
1515 (22/10/2005) 09 45 49 63 75
1516 (25/10/2005) 14 26 38 59 69
1517 (27/10/2005) 48 51 62 72 79
1518 (29/10/2005) 04 15 17 25 64
1519 (01/11/2005) 03 17 39 57 64
1520 (03/11/2005) 35 46 67 77 79
1521 (05/11/2005) 22 37 43 53 63
1522 (08/11/2005) 08 11 23 59 64
1523 (10/11/2005) 14 17 28 32 71
1524 (12/11/2005) 21 22 48 50 80
1525 (17/11/2005) 07 31 32 67 70
1526 (19/11/2005) 04 32 46 48 65
1527 (22/11/2005) 06 35 52 64 73
1528 (24/11/2005) 10 36 52 63 68
1529 (26/11/2005) 23 41 47 48 55
1530 (29/11/2005) 20 39 47 71 79
1531 (01/12/2005) 34 41 44 60 72
1532 (03/12/2005) 36 39 43 59 65
1533 (06/12/2005) 24 34 37 44 45
1534 (08/12/2005) 33 35 50 54 60
1535 (10/12/2005) 22 27 69 76 80
1536 (13/12/2005) 53 58 61 74 78
1537 (15/12/2005) 01 24 34 36 74
1538 (17/12/2005) 02 26 31 41 57
1539 (20/12/2005) 16 23 36 51 72
1540 (22/12/2005) 03 30 45 57 66
1541 (24/12/2005) 01 15 33 53 68
1542 (27/12/2005) 26 29 69 72 79
1543 (29/12/2005) 04 22 57 60 62
1544 (31/12/2005) 01 08 37 51 73
1545 (03/01/2006) 08 16 24 39 73
1546 (05/01/2006) 09 38 44 73 79
1547 (07/01/2006) 34 36 43 51 54
1548 (10/01/2006) 10 22 39 69 74
1549 (12/01/2006) 19 51 60 64 71
1550 (14/01/2006) 15 38 45 47 53
1551 (17/01/2006) 10 34 39 62 76
1552 (19/01/2006) 06 22 43 50 61
1553 (21/01/2006) 16 35 52 76 77
1554 (24/01/2006) 10 17 34 37 64
1555 (26/01/2006) 31 59 64 65 67
1556 (28/01/2006) 18 25 50 51 55
1557 (31/01/2006) 12 47 51 55 73
1558 (02/02/2006) 13 17 54 64 79
1559 (04/02/2006) 07 39 48 66 79
1560 (07/02/2006) 21 23 42 52 56
1561 (09/02/2006) 01 10 36 64 71
1562 (11/02/2006) 16 50 53 60 72
1563 (14/02/2006) 04 24 36 43 50
1564 (16/02/2006) 24 28 50 58 68
1565 (18/02/2006) 09 20 55 70 79
1566 (21/02/2006) 16 19 27 62 69
1567 (23/02/2006) 13 46 52 56 78
1568 (25/02/2006) 05 25 27 29 63
1569 (02/03/2006) 21 46 50 60 67
1570 (04/03/2006) 32 44 53 67 72
1571 (07/03/2006) 40 47 51 58 72
1572 (09/03/2006) 13 43 45 74 76
1573 (11/03/2006) 08 37 47 58 64
1574 (14/03/2006) 16 17 55 78 79
1575 (16/03/2006) 41 42 49 68 73
1576 (18/03/2006) 01 26 42 59 75
1577 (21/03/2006) 10 13 25 56 67
1578 (23/03/2006) 01 06 09 17 27
1579 (25/03/2006) 03 61 69 76 77
1580 (28/03/2006) 09 16 39 47 75
1581 (30/03/2006) 12 14 30 42 70
1582 (01/04/2006) 34 37 52 60 66
1583 (04/04/2006) 01 29 51 54 57
1584 (06/04/2006) 12 40 64 65 69
1585 (08/04/2006) 01 05 15 28 37
1586 (11/04/2006) 04 13 17 28 72
1587 (13/04/2006) 04 06 23 30 54
1588 (15/04/2006) 23 36 56 57 70
1589 (18/04/2006) 07 14 17 47 56
1590 (20/04/2006) 12 18 28 45 73
1591 (22/04/2006) 10 32 33 51 53
1592 (25/04/2006) 04 37 45 55 65
1593 (27/04/2006) 40 43 50 56 63
1594 (29/04/2006) 06 34 57 61 79
1595 (02/05/2006) 31 41 45 52 64
1596 (04/05/2006) 03 26 44 49 54
1597 (06/05/2006) 07 29 45 53 78
1598 (09/05/2006) 08 32 44 46 67
1599 (11/05/2006) 13 36 41 71 80
1600 (13/05/2006) 21 33 36 56 61
1601 (16/05/2006) 20 42 49 79 80
1602 (18/05/2006) 04 30 49 64 73
1603 (21/05/2006) 05 45 51 56 77
1604 (23/05/2006) 21 24 36 40 71
1605 (25/05/2006) 11 12 33 36 78
1606 (27/05/2006) 25 57 64 76 77
1607 (30/05/2006) 03 32 40 50 68
1608 (01/06/2006) 13 28 29 47 77
1609 (03/06/2006) 30 35 40 43 79
1610 (06/06/2006) 18 46 48 61 69
1611 (08/06/2006) 04 08 16 40 50
1612 (10/06/2006) 04 37 38 59 63
1613 (13/06/2006) 01 09 36 44 50
1614 (17/06/2006) 09 10 22 49 52
1615 (20/06/2006) 06 33 38 49 58
1616 (22/06/2006) 06 12 35 41 58
1617 (24/06/2006) 11 21 52 63 70
1618 (27/06/2006) 11 43 48 57 67
1619 (29/06/2006) 06 26 65 70 74
1620 (01/07/2006) 32 34 41 45 57
1621 (04/07/2006) 04 05 15 66 79
1622 (06/07/2006) 16 39 44 68 73
1623 (08/07/2006) 06 09 23 44 78
1624 (11/07/2006) 09 26 32 61 63
1625 (13/07/2006) 40 48 62 71 75
1626 (15/07/2006) 08 36 46 49 60
1627 (18/07/2006) 06 07 50 51 70
1628 (20/07/2006) 11 28 49 56 79
1629 (22/07/2006) 10 13 33 34 74
1630 (25/07/2006) 09 19 32 34 35
1631 (27/07/2006) 24 28 35 46 61
1632 (29/07/2006) 21 25 38 42 60
1633 (01/08/2006) 18 20 46 57 77
1634 (03/08/2006) 39 41 42 57 73
1635 (05/08/2006) 06 18 22 50 52
1636 (08/08/2006) 27 29 37 50 57
1637 (10/08/2006) 17 41 46 57 71
1638 (12/08/2006) 21 48 62 71 79
1639 (15/08/2006) 07 14 25 38 68
1640 (17/08/2006) 10 20 50 64 67
1641 (19/08/2006) 18 19 23 34 67
1642 (22/08/2006) 15 17 57 73 74
1643 (24/08/2006) 09 14 36 58 70
1644 (26/08/2006) 33 55 59 66 76
1645 (29/08/2006) 01 08 26 65 69
1646 (31/08/2006) 30 40 42 52 76
1647 (02/09/2006) 02 48 55 71 74
1648 (05/09/2006) 35 36 43 64 72
1649 (09/09/2006) 01 16 18 21 36
1650 (12/09/2006) 01 10 44 68 77
1651 (14/09/2006) 05 26 45 57 61
1652 (16/09/2006) 06 08 30 47 71
1653 (19/09/2006) 05 09 46 50 54
1654 (21/09/2006) 15 50 51 58 65
1655 (23/09/2006) 08 28 33 54 56
1656 (26/09/2006) 16 25 27 76 80
1657 (28/09/2006) 10 11 13 31 38
1658 (30/09/2006) 37 46 55 56 74
1659 (03/10/2006) 35 40 47 49 53
1660 (05/10/2006) 48 63 66 70 73
1661 (07/10/2006) 06 09 47 49 77
1662 (10/10/2006) 06 45 57 59 70
1663 (14/10/2006) 05 12 28 68 71
1664 (17/10/2006) 20 26 46 58 80
1665 (19/10/2006) 01 60 61 62 71
1666 (21/10/2006) 29 47 51 52 73
1667 (24/10/2006) 02 10 34 43 66
1668 (26/10/2006) 12 31 59 71 77
1669 (28/10/2006) 16 46 49 53 63
1670 (31/10/2006) 21 24 60 76 77
1671 (04/11/2006) 05 11 15 34 35
1672 (07/11/2006) 15 53 55 63 79
1673 (09/11/2006) 30 33 45 58 77
1674 (11/11/2006) 03 04 18 33 80
1675 (14/11/2006) 22 23 32 50 70
1676 (16/11/2006) 37 44 49 53 60
1677 (18/11/2006) 41 44 52 59 77
1678 (21/11/2006) 06 12 30 62 72
1679 (23/11/2006) 03 14 16 22 52
1680 (25/11/2006) 21 38 60 67 79
1681 (28/11/2006) 01 27 32 56 71
1682 (30/11/2006) 01 04 36 47 65
1683 (02/12/2006) 18 22 28 47 54
1684 (05/12/2006) 01 06 44 52 80
1685 (07/12/2006) 05 08 17 34 71
1686 (09/12/2006) 10 23 26 37 53
1687 (12/12/2006) 33 49 55 69 76
1688 (14/12/2006) 04 05 06 14 27
1689 (16/12/2006) 01 15 24 42 72
1690 (19/12/2006) 08 09 46 64 65
1691 (21/12/2006) 08 34 36 65 74
1692 (23/12/2006) 07 31 38 39 52
1693 (26/12/2006) 03 33 41 53 59
1694 (28/12/2006) 23 24 33 52 62
1695 (30/12/2006) 06 32 33 39 75
1696 (02/01/2007) 27 28 29 34 79
1697 (04/01/2007) 12 16 66 78 79
1698 (06/01/2007) 33 39 49 53 71
1699 (09/01/2007) 03 20 29 39 74
1700 (11/01/2007) 11 20 26 47 65
1701 (13/01/2007) 15 30 49 64 72
1702 (16/01/2007) 14 22 52 78 80
1703 (18/01/2007) 09 35 36 40 63
1704 (20/01/2007) 08 24 29 54 70
1705 (23/01/2007) 21 34 49 50 54
1706 (25/01/2007) 07 11 19 29 39
1707 (27/01/2007) 13 26 28 37 67
1708 (30/01/2007) 12 33 64 68 70
1709 (01/02/2007) 06 58 61 63 79
1710 (03/02/2007) 15 19 51 63 72
1711 (06/02/2007) 09 11 32 62 79
1712 (08/02/2007) 12 27 31 34 55
1713 (10/02/2007) 04 30 55 62 71
1714 (13/02/2007) 01 11 17 18 37
1715 (15/02/2007) 33 46 49 54 56
1716 (17/02/2007) 08 29 59 65 80
1717 (22/02/2007) 12 16 17 25 50
1718 (24/02/2007) 27 43 44 56 59
1719 (27/02/2007) 29 50 58 77 78
1720 (01/03/2007) 02 06 15 34 36
1721 (03/03/2007) 08 19 38 42 79
1722 (06/03/2007) 45 46 47 54 65
1723 (08/03/2007) 03 09 27 50 53
1724 (10/03/2007) 31 34 37 39 45
1725 (13/03/2007) 26 39 41 42 74
1726 (15/03/2007) 19 22 26 57 64
1727 (17/03/2007) 12 15 42 58 78
1728 (20/03/2007) 26 29 42 47 68
1729 (22/03/2007) 28 38 52 59 71
1730 (24/03/2007) 08 12 29 62 65
1731 (27/03/2007) 14 31 38 49 73
1732 (29/03/2007) 16 42 49 51 75
1733 (31/03/2007) 09 22 62 63 72
1734 (03/04/2007) 12 40 60 69 77
1735 (05/04/2007) 01 08 32 65 67
1736 (07/04/2007) 12 42 46 49 80
1737 (10/04/2007) 09 24 27 30 68
1738 (12/04/2007) 33 34 71 74 79
1739 (14/04/2007) 16 38 44 76 78
1740 (17/04/2007) 09 35 43 49 78
1741 (19/04/2007) 24 36 44 45 46
1742 (24/04/2007) 08 54 57 64 66
1743 (26/04/2007) 02 16 64 69 77
1744 (28/04/2007) 02 22 31 64 75
1745 (03/05/2007) 22 25 56 76 80
1746 (05/05/2007) 05 09 24 48 77
1747 (08/05/2007) 01 13 27 59 71
1748 (10/05/2007) 37 47 52 72 79
1749 (12/05/2007) 42 60 62 66 75
1750 (15/05/2007) 22 31 34 73 74
1751 (17/05/2007) 16 21 37 38 60
1752 (19/05/2007) 05 12 32 44 54
1753 (22/05/2007) 19 21 55 60 62
1754 (24/05/2007) 06 19 21 27 58
1755 (26/05/2007) 17 37 53 69 80
1756 (29/05/2007) 10 33 42 49 70
1757 (31/05/2007) 02 14 47 53 78
1758 (02/06/2007) 11 38 40 41 78
1759 (05/06/2007) 09 14 56 68 79
1760 (09/06/2007) 27 34 46 55 70
1761 (12/06/2007) 01 13 45 55 58
1762 (14/06/2007) 02 20 30 45 74
1763 (16/06/2007) 03 09 24 33 60
1764 (19/06/2007) 01 10 47 73 75
1765 (21/06/2007) 04 10 26 36 80
1766 (23/06/2007) 05 25 27 62 71
1767 (26/06/2007) 09 39 60 74 79
1768 (28/06/2007) 28 33 42 62 63
1769 (30/06/2007) 20 24 45 56 61
1770 (03/07/2007) 10 21 22 25 63
1771 (05/07/2007) 28 39 42 59 78
1772 (07/07/2007) 11 19 38 48 54
1773 (10/07/2007) 20 26 57 61 63
1774 (12/07/2007) 16 19 34 38 55
1775 (14/07/2007) 12 49 55 67 80
1776 (17/07/2007) 07 21 32 36 52
1777 (19/07/2007) 01 27 44 56 74
1778 (21/07/2007) 26 41 46 55 67
1779 (24/07/2007) 21 31 45 48 55
1780 (26/07/2007) 28 33 42 48 76
1781 (28/07/2007) 02 25 43 53 64
1782 (31/07/2007) 05 21 22 62 77
1783 (02/08/2007) 05 08 35 55 70
1784 (04/08/2007) 26 29 51 59 62
1785 (07/08/2007) 22 32 60 68 72
1786 (09/08/2007) 26 45 69 77 80
1787 (11/08/2007) 33 39 51 56 72
1788 (14/08/2007) 05 16 41 53 68
1789 (16/08/2007) 09 22 26 34 78
1790 (18/08/2007) 02 15 20 32 34
1791 (21/08/2007) 40 42 51 52 66
1792 (23/08/2007) 14 39 41 66 75
1793 (25/08/2007) 15 16 41 42 55
1794 (28/08/2007) 01 10 23 41 76
1795 (30/08/2007) 03 26 47 61 72
1796 (01/09/2007) 34 35 40 48 49
1797 (04/09/2007) 22 29 64 66 70
1798 (06/09/2007) 12 28 45 56 59
1799 (08/09/2007) 27 39 55 71 75
1800 (11/09/2007) 22 32 44 65 74
1801 (13/09/2007) 04 07 25 35 52
1802 (15/09/2007) 26 47 59 64 70
1803 (18/09/2007) 48 53 62 67 77
1804 (20/09/2007) 18 25 28 51 69
1805 (22/09/2007) 12 21 52 60 63
1806 (25/09/2007) 13 25 52 55 71
1807 (27/09/2007) 04 28 51 58 76
1808 (29/09/2007) 03 19 25 29 58
1809 (02/10/2007) 24 25 40 56 75
1810 (04/10/2007) 22 38 40 48 78
1811 (06/10/2007) 30 37 38 45 61
1812 (09/10/2007) 02 04 26 67 80
1813 (11/10/2007) 07 16 21 28 77
1814 (13/10/2007) 03 20 31 37 62
1815 (16/10/2007) 15 18 56 61 68
1816 (18/10/2007) 08 34 37 55 73
1817 (20/10/2007) 20 21 47 57 60
1818 (23/10/2007) 08 16 39 63 71
1819 (25/10/2007) 12 32 51 77 80
1820 (27/10/2007) 09 38 48 68 80
1821 (30/10/2007) 22 29 35 47 76
1822 (01/11/2007) 02 08 50 62 64
1823 (03/11/2007) 19 43 57 58 66
1824 (06/11/2007) 05 10 46 58 80
1825 (08/11/2007) 14 36 49 59 68
1826 (10/11/2007) 09 10 13 23 68
1827 (13/11/2007) 02 29 38 58 63
1828 (17/11/2007) 05 16 30 47 73
1829 (20/11/2007) 23 31 38 51 58
1830 (22/11/2007) 08 41 64 66 68
1831 (24/11/2007) 02 25 29 48 61
1832 (27/11/2007) 01 28 30 42 68
1833 (29/11/2007) 06 10 44 48 57
1834 (01/12/2007) 04 19 35 42 49
1835 (04/12/2007) 08 21 29 58 62
1836 (06/12/2007) 12 13 29 35 65
1837 (08/12/2007) 12 14 27 41 72
1838 (11/12/2007) 05 21 61 79 80
1839 (13/12/2007) 10 33 41 45 78
1840 (15/12/2007) 10 12 38 52 75
1841 (18/12/2007) 13 16 31 35 51
1842 (20/12/2007) 02 13 31 56 71
1843 (22/12/2007) 08 16 23 26 55
1844 (27/12/2007) 09 20 21 39 65
1845 (29/12/2007) 08 09 37 38 40
1846 (03/01/2008) 14 24 37 39 76
1847 (05/01/2008) 17 18 36 37 40
1848 (08/01/2008) 15 24 30 44 77
1849 (10/01/2008) 16 54 61 75 80
1850 (12/01/2008) 18 39 49 55 80
1851 (15/01/2008) 06 23 36 66 69
1852 (17/01/2008) 08 21 38 61 67
1853 (19/01/2008) 32 53 67 69 71
1854 (22/01/2008) 08 38 50 60 67
1855 (24/01/2008) 02 23 67 74 77
1856 (26/01/2008) 01 02 11 42 44
1857 (29/01/2008) 35 44 51 59 67
1858 (31/01/2008) 17 18 27 68 80
1859 (02/02/2008) 04 14 49 58 79
1860 (07/02/2008) 39 41 48 71 79
1861 (09/02/2008) 28 38 43 60 79
1862 (12/02/2008) 04 24 28 39 61
1863 (14/02/2008) 06 21 26 64 75
1864 (16/02/2008) 07 13 42 56 69
1865 (19/02/2008) 08 26 38 56 58
1866 (21/02/2008) 14 15 54 68 75
1867 (23/02/2008) 35 41 57 64 66
1868 (26/02/2008) 23 38 49 51 71
1869 (28/02/2008) 08 20 33 41 44
1870 (01/03/2008) 20 42 56 75 76
1871 (04/03/2008) 14 41 51 73 80
1872 (06/03/2008) 07 32 49 60 75
1873 (08/03/2008) 03 07 54 59 63
1874 (11/03/2008) 22 25 28 72 77
1875 (13/03/2008) 03 16 21 67 78
1876 (15/03/2008) 17 28 51 56 75
1877 (18/03/2008) 13 40 65 69 77
1878 (20/03/2008) 02 43 59 68 75
1879 (22/03/2008) 18 20 25 35 62
1880 (25/03/2008) 16 26 29 32 74
1881 (27/03/2008) 06 08 15 42 59
1882 (29/03/2008) 12 14 36 64 80
1883 (01/04/2008) 17 42 55 70 79
1884 (03/04/2008) 27 38 59 67 75
1885 (05/04/2008) 10 17 18 28 31
1886 (08/04/2008) 09 40 50 52 58
1887 (10/04/2008) 16 17 45 50 62
1888 (12/04/2008) 28 31 47 51 59
1889 (15/04/2008) 14 23 54 58 80
1890 (17/04/2008) 27 43 45 49 69
1891 (19/04/2008) 16 33 54 56 59
1892 (22/04/2008) 20 32 46 48 62
1893 (24/04/2008) 24 29 46 74 76
1894 (26/04/2008) 08 15 43 53 72
1895 (29/04/2008) 12 17 54 58 67
1896 (03/05/2008) 03 24 43 47 63
1897 (06/05/2008) 22 29 72 78 79
1898 (08/05/2008) 11 38 42 46 74
1899 (10/05/2008) 08 35 42 54 57
1900 (13/05/2008) 22 34 35 48 80
1901 (15/05/2008) 07 17 26 41 63
1902 (17/05/2008) 02 13 16 59 61
1903 (20/05/2008) 15 23 29 53 64
1904 (24/05/2008) 05 34 61 67 77
1905 (27/05/2008) 27 38 45 72 78
1906 (29/05/2008) 01 02 04 41 72
1907 (31/05/2008) 34 40 65 66 76
1908 (03/06/2008) 07 13 25 61 78
1909 (05/06/2008) 05 14 32 55 56
1910 (07/06/2008) 01 35 36 44 67
1911 (10/06/2008) 10 27 54 59 75
1912 (12/06/2008) 42 43 65 66 70
1913 (14/06/2008) 05 16 50 51 57
1914 (17/06/2008) 32 36 41 51 76
1915 (19/06/2008) 14 22 45 64 72
1916 (21/06/2008) 38 42 57 62 68
1917 (24/06/2008) 22 49 59 66 76
1918 (26/06/2008) 04 08 37 44 50
1919 (28/06/2008) 04 39 46 68 71
1920 (01/07/2008) 08 10 22 66 76
1921 (03/07/2008) 23 60 62 68 80
1922 (05/07/2008) 47 51 58 60 76
1923 (08/07/2008) 10 34 37 74 77
1924 (10/07/2008) 24 40 42 52 74
1925 (12/07/2008) 04 39 50 62 76
1926 (15/07/2008) 02 20 23 43 51
1927 (17/07/2008) 12 28 29 34 71
1928 (19/07/2008) 26 28 51 64 74
1929 (22/07/2008) 20 48 60 73 77
1930 (24/07/2008) 08 39 48 71 75
1931 (26/07/2008) 17 42 48 54 68
1932 (29/07/2008) 14 27 32 51 58
1933 (31/07/2008) 09 40 60 61 67
1934 (02/08/2008) 22 38 40 63 66
1935 (05/08/2008) 07 08 59 64 65
1936 (07/08/2008) 15 21 22 34 79
1937 (09/08/2008) 02 13 50 71 80
1938 (12/08/2008) 12 20 22 42 79
1939 (14/08/2008) 09 13 35 45 70
1940 (16/08/2008) 27 42 56 63 65
1941 (19/08/2008) 07 08 09 50 75
1942 (21/08/2008) 36 44 45 60 66
1943 (23/08/2008) 12 30 46 54 56
1944 (26/08/2008) 29 46 52 55 73
1945 (28/08/2008) 16 28 33 57 61
1946 (30/08/2008) 16 23 26 55 59
1947 (02/09/2008) 10 14 62 63 75
1948 (04/09/2008) 16 18 42 54 61
1949 (06/09/2008) 47 51 54 56 80
1950 (09/09/2008) 07 18 49 53 71
1951 (11/09/2008) 01 09 29 75 76
1952 (13/09/2008) 11 13 44 52 80
1953 (16/09/2008) 05 24 43 63 75
1954 (18/09/2008) 03 14 18 67 73
1955 (20/09/2008) 27 28 55 59 71
1956 (23/09/2008) 37 43 51 68 72
1957 (25/09/2008) 20 22 30 39 53
1958 (27/09/2008) 32 44 49 73 77
1959 (30/09/2008) 03 06 33 47 60
1960 (02/10/2008) 09 13 15 28 59
1961 (04/10/2008) 10 27 32 33 42
1962 (07/10/2008) 19 21 43 72 79
1963 (09/10/2008) 07 11 30 36 52
1964 (11/10/2008) 01 05 11 72 76
1965 (14/10/2008) 07 19 23 31 37
1966 (16/10/2008) 08 10 19 20 32
1967 (18/10/2008) 02 27 29 35 78
1968 (21/10/2008) 03 15 24 65 75
1969 (23/10/2008) 05 16 26 60 80
1970 (25/10/2008) 04 29 40 50 55
1971 (28/10/2008) 13 19 23 30 32
1972 (30/10/2008) 11 29 31 38 52
1973 (01/11/2008) 36 53 56 62 71
1974 (04/11/2008) 14 49 54 57 76
1975 (06/11/2008) 07 31 66 75 78
1976 (08/11/2008) 19 49 51 63 78
1977 (11/11/2008) 05 29 42 44 76
1978 (13/11/2008) 21 24 37 57 60
1979 (16/11/2008) 10 30 35 37 65
1980 (18/11/2008) 08 37 43 45 68
1981 (20/11/2008) 06 24 68 74 80
1982 (22/11/2008) 07 24 26 50 66
1983 (25/11/2008) 24 26 38 47 80
1984 (27/11/2008) 05 31 33 53 73
1985 (29/11/2008) 27 29 67 69 74
1986 (02/12/2008) 03 12 52 54 67
1987 (04/12/2008) 28 34 65 66 70
1988 (06/12/2008) 15 42 46 50 76
1989 (09/12/2008) 03 15 40 69 80
1990 (11/12/2008) 24 27 43 63 80
1991 (13/12/2008) 03 04 53 58 66
1992 (16/12/2008) 09 23 33 40 42
1993 (18/12/2008) 04 21 26 35 57
1994 (20/12/2008) 09 25 32 40 69
1995 (23/12/2008) 03 31 50 75 79
1996 (27/12/2008) 08 11 22 56 65
1997 (30/12/2008) 08 18 30 44 70
1998 (03/01/2009) 01 15 16 70 73
1999 (06/01/2009) 02 18 41 45 46
2000 (08/01/2009) 05 29 59 62 72
2001 (10/01/2009) 11 13 26 64 66
2002 (13/01/2009) 08 15 19 44 56
2003 (15/01/2009) 06 32 41 52 53
2004 (17/01/2009) 11 27 69 75 76
2005 (20/01/2009) 10 30 60 71 78
2006 (22/01/2009) 02 10 14 55 77
2007 (24/01/2009) 01 04 13 22 72
2008 (27/01/2009) 01 38 41 44 70
2009 (29/01/2009) 21 30 54 66 71
2010 (31/01/2009) 23 42 53 64 74
2011 (03/02/2009) 07 22 42 45 49
2012 (05/02/2009) 13 14 25 58 70
2013 (07/02/2009) 11 18 26 27 66
2014 (10/02/2009) 03 24 35 56 62
2015 (12/02/2009) 08 10 44 61 71
2016 (14/02/2009) 12 40 49 56 76
2017 (17/02/2009) 21 26 32 39 51
2018 (19/02/2009) 27 37 46 67 70
2019 (21/02/2009) 03 10 35 45 47
2020 (26/02/2009) 10 12 19 20 34
2021 (28/02/2009) 31 34 55 58 67
2022 (03/03/2009) 33 35 56 60 74
2023 (05/03/2009) 04 15 28 43 80
2024 (07/03/2009) 19 36 39 42 53
2025 (10/03/2009) 35 45 59 68 74
2026 (12/03/2009) 03 43 45 58 80
2027 (14/03/2009) 01 19 26 49 75
2028 (17/03/2009) 01 06 21 52 63
2029 (19/03/2009) 04 18 31 61 66
2030 (21/03/2009) 21 28 46 71 72
2031 (24/03/2009) 10 13 41 61 76
2032 (26/03/2009) 02 46 60 71 78
2033 (28/03/2009) 06 09 16 57 60
2034 (31/03/2009) 08 44 52 63 64
2035 (02/04/2009) 02 14 30 59 64
2036 (04/04/2009) 16 39 58 60 73
2037 (07/04/2009) 01 02 12 16 56
2038 (09/04/2009) 29 33 54 71 72
2039 (11/04/2009) 14 39 45 66 73
2040 (14/04/2009) 10 17 25 27 31
2041 (16/04/2009) 02 04 12 16 73
2042 (18/04/2009) 16 31 35 45 51
2043 (23/04/2009) 02 09 17 19 49
2044 (25/04/2009) 03 06 32 65 78
2045 (28/04/2009) 02 07 47 54 72
2046 (30/04/2009) 20 29 49 72 74
2047 (02/05/2009) 04 30 43 50 62
2048 (05/05/2009) 05 12 38 72 77
2049 (07/05/2009) 27 40 44 58 76
2050 (09/05/2009) 14 27 30 32 50
2051 (12/05/2009) 16 45 61 75 76
2052 (14/05/2009) 17 37 40 63 79
2053 (16/05/2009) 16 24 38 39 77
2054 (19/05/2009) 11 29 30 34 66
2055 (21/05/2009) 20 39 48 64 65
2056 (23/05/2009) 05 40 43 65 72
2057 (26/05/2009) 11 23 41 42 77
2058 (28/05/2009) 11 17 48 52 77
2059 (30/05/2009) 04 07 60 68 72
2060 (02/06/2009) 15 16 40 51 69
2061 (04/06/2009) 20 36 44 52 63
2062 (06/06/2009) 09 10 22 34 72
2063 (09/06/2009) 01 04 08 70 79
2064 (13/06/2009) 08 20 38 71 79
2065 (16/06/2009) 03 10 11 13 28
2066 (18/06/2009) 08 29 45 51 72
2067 (20/06/2009) 15 18 58 59 60
2068 (23/06/2009) 18 41 45 68 72
2069 (25/06/2009) 05 07 25 36 63
2070 (27/06/2009) 03 35 52 53 66
2071 (30/06/2009) 13 14 53 54 64
2072 (02/07/2009) 17 32 34 48 76
2073 (04/07/2009) 40 55 73 75 78
2074 (07/07/2009) 07 23 30 50 79
2075 (09/07/2009) 11 28 33 49 52
2076 (11/07/2009) 19 20 55 60 74
2077 (14/07/2009) 02 42 46 50 78
2078 (16/07/2009) 09 13 41 58 60
2079 (18/07/2009) 04 11 30 34 62
2080 (21/07/2009) 03 06 30 47 72
2081 (23/07/2009) 16 17 48 73 80
2082 (25/07/2009) 07 20 25 36 73
2083 (28/07/2009) 02 13 22 34 61
2084 (30/07/2009) 15 47 51 68 72
2085 (01/08/2009) 01 27 30 40 71
2086 (04/08/2009) 15 45 63 64 66
2087 (06/08/2009) 10 33 59 60 80
2088 (08/08/2009) 42 47 52 69 70
2089 (11/08/2009) 31 34 54 56 71
2090 (13/08/2009) 23 44 45 51 68
2091 (15/08/2009) 01 02 04 09 67
2092 (18/08/2009) 14 28 48 67 69
2093 (20/08/2009) 07 11 46 53 55
2094 (22/08/2009) 04 56 57 62 65
2095 (25/08/2009) 26 34 37 44 45
2096 (27/08/2009) 03 51 54 55 57
2097 (29/08/2009) 37 40 43 50 58
2098 (01/09/2009) 07 13 17 32 61
2099 (03/09/2009) 01 27 32 57 77
2100 (05/09/2009) 04 06 07 62 74
2101 (08/09/2009) 09 42 60 72 79
2102 (10/09/2009) 05 11 35 44 78
2103 (12/09/2009) 01 05 08 25 80
2104 (15/09/2009) 09 28 36 41 79
2105 (17/09/2009) 02 20 27 56 61
2106 (19/09/2009) 41 55 62 75 80
2107 (22/09/2009) 14 61 62 64 72
2108 (24/09/2009) 47 51 61 62 75
2109 (26/09/2009) 13 33 40 57 69
2110 (29/09/2009) 10 12 52 65 70
2111 (01/10/2009) 17 49 50 51 78
2112 (03/10/2009) 49 61 64 71 75
2113 (05/10/2009) 01 04 20 58 74
2114 (06/10/2009) 20 21 64 74 76
2115 (07/10/2009) 07 21 60 72 75
2116 (08/10/2009) 16 18 26 37 80
2117 (09/10/2009) 19 35 45 60 77
2118 (10/10/2009) 14 17 21 25 42
2119 (13/10/2009) 16 44 46 51 66
2120 (14/10/2009) 02 13 20 38 50
2121 (15/10/2009) 09 25 37 40 70
2122 (16/10/2009) 07 19 40 63 80
2123 (17/10/2009) 12 22 31 36 77
2124 (19/10/2009) 27 44 54 70 73
2125 (20/10/2009) 04 06 11 56 67
2126 (21/10/2009) 02 47 58 66 68
2127 (22/10/2009) 05 26 27 46 59
2128 (23/10/2009) 09 17 46 47 72
2129 (25/10/2009) 16 48 53 61 74
2130 (26/10/2009) 06 37 41 52 55
2131 (27/10/2009) 13 35 60 63 73
2132 (28/10/2009) 03 13 22 39 69
2133 (29/10/2009) 14 22 38 39 80
2134 (30/10/2009) 13 21 64 66 80
2135 (31/10/2009) 07 10 40 45 49
2136 (03/11/2009) 03 20 45 58 68
2137 (04/11/2009) 09 13 58 69 72
2138 (05/11/2009) 19 52 56 70 74
2139 (06/11/2009) 46 53 72 77 79
2140 (07/11/2009) 05 22 52 62 67
2141 (09/11/2009) 13 15 21 52 72
2142 (10/11/2009) 06 28 34 44 60
2143 (11/11/2009) 01 20 51 62 74
2144 (12/11/2009) 06 07 09 53 67
2145 (13/11/2009) 06 08 37 46 53
2146 (14/11/2009) 04 15 35 42 46
2147 (16/11/2009) 07 29 40 41 53
2148 (17/11/2009) 10 21 38 57 59
2149 (18/11/2009) 06 38 42 60 67
2150 (19/11/2009) 15 28 49 61 80
2151 (20/11/2009) 22 41 58 60 78
2152 (21/11/2009) 01 18 20 50 70
2153 (25/11/2009) 29 36 44 54 59
2154 (25/11/2009) 07 68 71 74 76
2155 (25/11/2009) 08 18 34 35 67
2156 (26/11/2009) 02 10 32 43 77
2157 (27/11/2009) 02 04 39 72 73
2158 (28/11/2009) 10 14 29 47 65
2159 (30/11/2009) 16 30 34 43 51
2160 (01/12/2009) 03 22 63 68 74
2161 (02/12/2009) 49 59 68 75 77
2162 (03/12/2009) 02 18 35 50 54
2163 (04/12/2009) 05 15 17 42 60
2164 (05/12/2009) 22 41 48 71 76
2165 (07/12/2009) 16 45 46 50 77
2166 (08/12/2009) 22 25 28 37 56
2167 (09/12/2009) 03 04 12 70 78
2168 (10/12/2009) 01 32 38 53 77
2169 (11/12/2009) 15 25 26 30 78
2170 (12/12/2009) 01 31 39 48 56
2171 (14/12/2009) 21 52 60 68 73
2172 (15/12/2009) 13 24 61 62 78
2173 (16/12/2009) 20 48 52 79 80
2174 (17/12/2009) 02 04 30 37 44
2175 (18/12/2009) 05 22 27 47 73
2176 (19/12/2009) 25 42 44 64 69
2177 (21/12/2009) 01 52 59 69 72
2178 (22/12/2009) 10 45 61 62 80
2179 (23/12/2009) 01 04 17 54 55
2180 (24/12/2009) 05 20 26 59 61
2181 (26/12/2009) 07 45 62 63 69
2182 (28/12/2009) 10 34 58 75 80
2183 (29/12/2009) 16 39 50 70 76
2184 (30/12/2009) 02 03 16 18 63
2185 (31/12/2009) 04 15 20 64 80
2186 (02/01/2010) 24 25 48 52 79
2187 (04/01/2010) 04 25 35 44 62
2188 (05/01/2010) 08 12 26 36 59
2189 (06/01/2010) 22 36 41 68 77
2190 (07/01/2010) 20 40 57 70 79
2191 (08/01/2010) 16 29 32 39 70
2192 (09/01/2010) 23 24 32 42 73
2193 (11/01/2010) 10 19 41 47 54
2194 (12/01/2010) 02 05 19 31 62
2195 (13/01/2010) 19 22 29 30 32
2196 (14/01/2010) 17 20 41 64 76
2197 (15/01/2010) 01 03 04 33 49
2198 (16/01/2010) 06 17 66 67 75
2199 (18/01/2010) 10 12 51 65 71
2200 (19/01/2010) 03 09 37 64 68
2201 (20/01/2010) 33 43 45 65 72
2202 (21/01/2010) 17 37 68 74 80
2203 (22/01/2010) 01 13 42 56 65
2204 (23/01/2010) 02 18 41 68 70
2205 (25/01/2010) 04 25 50 59 72
2206 (26/01/2010) 01 03 28 48 69
2207 (27/01/2010) 05 10 19 29 50
2208 (28/01/2010) 09 17 44 50 63
2209 (29/01/2010) 01 28 50 63 74
2210 (30/01/2010) 12 33 34 40 67
2211 (01/02/2010) 06 49 51 54 56
2212 (02/02/2010) 13 20 31 62 79
2213 (03/02/2010) 15 43 68 74 75
2214 (04/02/2010) 10 14 15 63 73
2215 (05/02/2010) 29 40 41 57 70
2216 (06/02/2010) 08 09 33 39 51
2217 (08/02/2010) 09 18 27 51 56
2218 (09/02/2010) 09 21 39 47 75
2219 (10/02/2010) 14 30 51 53 71
2220 (11/02/2010) 12 31 42 46 56
2221 (12/02/2010) 14 19 30 72 76
2222 (13/02/2010) 06 09 19 46 67
2223 (17/02/2010) 06 13 39 43 65
2224 (18/02/2010) 10 14 37 61 74
2225 (19/02/2010) 03 04 12 13 68
2226 (20/02/2010) 29 45 53 72 80
2227 (22/02/2010) 01 03 39 53 59
2228 (23/02/2010) 13 19 34 69 77
2229 (24/02/2010) 02 08 20 24 69
2230 (25/02/2010) 12 42 43 76 79
2231 (26/02/2010) 06 16 31 50 56
2232 (27/02/2010) 09 33 60 70 75
2233 (01/03/2010) 18 53 59 67 79
2234 (02/03/2010) 08 29 39 59 73
2235 (03/03/2010) 07 11 41 49 59
2236 (04/03/2010) 13 18 37 46 47
2237 (05/03/2010) 19 20 30 55 78
2238 (06/03/2010) 18 20 25 47 68
2239 (08/03/2010) 01 03 31 37 42
2240 (09/03/2010) 39 46 54 55 76
2241 (10/03/2010) 06 14 37 54 62
2242 (12/03/2010) 40 43 46 66 71
2243 (12/03/2010) 36 42 51 71 78
2244 (13/03/2010) 17 36 37 41 43
2245 (15/03/2010) 04 36 53 73 79
2246 (16/03/2010) 04 08 26 55 75
2247 (17/03/2010) 14 32 38 51 60
2248 (18/03/2010) 11 14 24 76 79
2249 (19/03/2010) 07 35 54 59 71
2250 (20/03/2010) 27 41 67 71 72
2251 (22/03/2010) 25 33 44 61 75
2252 (23/03/2010) 19 32 43 50 52
2253 (24/03/2010) 01 14 15 23 30
2254 (25/03/2010) 43 50 55 79 80
2255 (26/03/2010) 02 23 37 58 72
2256 (27/03/2010) 15 26 58 62 79
2257 (29/03/2010) 05 10 11 47 65
2258 (30/03/2010) 06 16 21 48 80
2259 (31/03/2010) 06 09 21 37 47
2260 (01/04/2010) 03 39 74 75 78
2261 (03/04/2010) 35 40 43 55 69
2262 (05/04/2010) 05 10 36 50 60
2263 (06/04/2010) 06 25 31 71 75
2264 (07/04/2010) 02 10 38 49 73
2265 (08/04/2010) 13 19 27 30 44
2266 (09/04/2010) 06 15 26 28 60
2267 (10/04/2010) 18 24 29 66 77
2268 (12/04/2010) 11 22 27 40 78
2269 (13/04/2010) 11 23 29 31 44
2270 (14/04/2010) 09 27 37 67 76
2271 (15/04/2010) 43 44 48 69 70
2272 (16/04/2010) 12 22 33 40 56
2273 (17/04/2010) 03 37 42 54 70
2274 (19/04/2010) 19 31 44 62 65
2275 (20/04/2010) 23 28 40 49 73
2276 (22/04/2010) 28 41 58 60 79
2277 (23/04/2010) 04 23 24 25 31
2278 (24/04/2010) 06 11 15 25 48
2279 (26/04/2010) 51 53 75 77 80
2280 (27/04/2010) 24 26 28 48 68
2281 (28/04/2010) 33 41 52 56 75
2282 (29/04/2010) 44 57 71 76 79
2283 (30/04/2010) 02 05 15 36 62
2284 (03/05/2010) 05 28 39 75 80
2285 (04/05/2010) 22 29 66 69 77
2286 (05/05/2010) 02 53 57 71 77
2287 (06/05/2010) 14 21 69 70 79
2288 (07/05/2010) 07 09 22 24 80
2289 (08/05/2010) 08 38 40 63 78
2290 (10/05/2010) 02 10 13 55 58
2291 (11/05/2010) 02 06 39 59 73
2292 (12/05/2010) 44 51 54 55 75
2293 (13/05/2010) 13 29 31 39 44
2294 (14/05/2010) 09 20 26 36 54
2295 (15/05/2010) 11 13 20 33 67
2296 (17/05/2010) 12 27 36 47 62
2297 (18/05/2010) 09 27 59 62 74
2298 (19/05/2010) 10 53 61 68 74
2299 (20/05/2010) 08 10 14 47 48
2300 (21/05/2010) 05 12 25 54 62
2301 (22/05/2010) 02 06 54 73 76
2302 (24/05/2010) 10 32 33 39 69
2303 (25/05/2010) 06 57 68 69 80
2304 (26/05/2010) 18 31 57 79 80
2305 (27/05/2010) 08 35 61 67 68
2306 (28/05/2010) 12 45 69 71 77
2307 (29/05/2010) 15 29 36 75 80
2308 (31/05/2010) 17 20 29 46 79
2309 (01/06/2010) 06 20 57 63 66
2310 (02/06/2010) 15 16 34 42 43
2311 (04/06/2010) 18 27 50 63 64
2312 (05/06/2010) 02 09 37 66 67
2313 (07/06/2010) 31 35 41 66 75
2314 (08/06/2010) 07 23 49 58 65
2315 (09/06/2010) 01 08 15 23 57
2316 (10/06/2010) 31 37 62 73 77
2317 (11/06/2010) 21 28 29 51 58
2318 (12/06/2010) 11 23 29 62 70
2319 (14/06/2010) 15 18 23 34 60
2320 (15/06/2010) 06 43 44 57 80
2321 (16/06/2010) 19 55 66 67 78
2322 (17/06/2010) 08 13 14 33 59
2323 (18/06/2010) 11 37 55 62 68
2324 (19/06/2010) 10 17 23 45 68
2325 (21/06/2010) 03 10 13 37 80
2326 (22/06/2010) 09 14 28 56 62
2327 (23/06/2010) 11 12 26 29 77
2328 (24/06/2010) 08 24 31 39 72
2329 (25/06/2010) 31 33 63 67 72
2330 (26/06/2010) 01 17 22 38 67
2331 (28/06/2010) 38 53 69 75 78
2332 (29/06/2010) 17 21 25 44 75
2333 (30/06/2010) 06 35 40 53 65
2334 (01/07/2010) 01 05 15 27 44
2335 (02/07/2010) 07 19 72 75 78
2336 (03/07/2010) 14 17 39 45 76
2337 (05/07/2010) 42 44 58 62 70
2338 (06/07/2010) 18 21 52 60 72
2339 (07/07/2010) 06 07 10 38 48
2340 (08/07/2010) 04 14 15 29 36
2341 (09/07/2010) 05 06 10 26 64
2342 (10/07/2010) 04 32 43 44 52
2343 (12/07/2010) 13 33 39 57 64
2344 (13/07/2010) 24 34 45 74 78
2345 (14/07/2010) 31 43 46 55 77
2346 (15/07/2010) 05 18 37 39 58
2347 (16/07/2010) 07 56 62 64 75
2348 (17/07/2010) 32 48 51 54 70
2349 (19/07/2010) 09 25 26 31 40
2350 (20/07/2010) 04 19 27 33 55
2351 (21/07/2010) 08 12 48 52 60
2352 (22/07/2010) 25 30 32 68 75
2353 (23/07/2010) 02 13 39 56 72
2354 (24/07/2010) 09 18 25 65 72
2355 (26/07/2010) 18 36 49 65 79
2356 (27/07/2010) 03 17 36 37 45
2357 (28/07/2010) 01 07 19 40 53
2358 (29/07/2010) 11 39 44 49 71
2359 (30/07/2010) 05 40 42 53 57
2360 (31/07/2010) 10 26 28 61 71
2361 (02/08/2010) 10 29 42 63 80
2362 (03/08/2010) 10 28 51 54 68
2363 (04/08/2010) 11 49 58 73 79
2364 (05/08/2010) 12 18 34 57 74
2365 (06/08/2010) 41 47 64 66 72
2366 (07/08/2010) 04 17 38 40 49
2367 (09/08/2010) 07 11 41 49 68
2368 (10/08/2010) 01 20 54 59 71
2369 (11/08/2010) 19 30 41 56 64
2370 (12/08/2010) 34 71 75 76 78
2371 (13/08/2010) 12 25 30 55 80
2372 (14/08/2010) 03 05 37 40 48
2373 (16/08/2010) 15 34 40 42 52
2374 (17/08/2010) 08 16 58 63 72
2375 (18/08/2010) 14 19 23 68 69
2376 (19/08/2010) 10 37 43 48 74
2377 (20/08/2010) 05 33 38 58 78
2378 (21/08/2010) 01 04 44 57 66
2379 (23/08/2010) 25 28 34 43 56
2380 (24/08/2010) 16 23 25 38 53
2381 (25/08/2010) 30 32 34 40 69
2382 (26/08/2010) 03 33 35 42 68
2383 (27/08/2010) 18 31 37 51 71
2384 (28/08/2010) 13 15 22 43 48
2385 (30/08/2010) 35 58 64 73 77
2386 (31/08/2010) 17 30 31 39 75
2387 (01/09/2010) 25 32 69 78 79
2388 (02/09/2010) 15 17 33 73 76
2389 (03/09/2010) 25 35 52 57 60
2390 (04/09/2010) 05 09 62 66 74
2391 (06/09/2010) 06 08 17 39 73
2392 (08/09/2010) 19 30 31 43 52
2393 (09/09/2010) 02 34 38 41 44
2394 (10/09/2010) 05 07 22 40 62
2395 (11/09/2010) 17 35 40 46 74
2396 (13/09/2010) 06 14 66 68 73
2397 (14/09/2010) 05 19 37 69 72
2398 (15/09/2010) 12 18 39 40 60
2399 (16/09/2010) 23 25 51 52 56
2400 (17/09/2010) 01 05 40 70 73
2401 (18/09/2010) 02 19 49 53 69
2402 (20/09/2010) 04 09 25 41 45
2403 (21/09/2010) 10 13 26 38 63
2404 (22/09/2010) 05 33 41 48 54
2405 (23/09/2010) 05 10 33 49 61
2406 (24/09/2010) 09 11 15 47 53
2407 (25/09/2010) 12 26 36 45 75
2408 (27/09/2010) 04 19 29 69 71
2409 (28/09/2010) 31 35 41 44 47
2410 (29/09/2010) 37 49 65 72 79
2411 (30/09/2010) 22 26 35 59 66
2412 (01/10/2010) 17 19 33 37 71
2413 (02/10/2010) 05 11 60 68 79
2414 (04/10/2010) 02 03 16 56 73
2415 (05/10/2010) 05 28 40 47 73
2416 (06/10/2010) 33 53 56 71 79
2417 (07/10/2010) 01 07 15 72 73
2418 (08/10/2010) 01 47 58 64 73
2419 (09/10/2010) 07 08 10 61 73
2420 (11/10/2010) 34 55 67 72 77
2421 (13/10/2010) 15 18 31 54 55
2422 (14/10/2010) 10 16 36 61 80
2423 (15/10/2010) 38 61 65 66 76
2424 (16/10/2010) 01 33 41 43 60
2425 (18/10/2010) 13 48 64 66 77
2426 (19/10/2010) 15 26 31 36 43
2427 (20/10/2010) 10 13 17 37 38
2428 (21/10/2010) 37 49 52 56 65
2429 (22/10/2010) 15 26 29 47 79
2430 (23/10/2010) 30 40 43 44 78
2431 (25/10/2010) 09 11 66 71 77
2432 (26/10/2010) 25 41 59 66 74
2433 (27/10/2010) 01 38 53 64 76
2434 (28/10/2010) 11 30 37 46 70
2435 (29/10/2010) 17 28 30 37 46
2436 (30/10/2010) 13 47 58 75 78
2437 (01/11/2010) 33 37 44 50 79
2438 (03/11/2010) 14 25 29 60 77
2439 (04/11/2010) 01 31 59 70 80
2440 (05/11/2010) 08 11 25 26 50
2441 (06/11/2010) 01 11 25 30 75
2442 (08/11/2010) 03 29 31 35 48
2443 (09/11/2010) 01 46 53 70 75
2444 (10/11/2010) 06 24 25 38 53
2445 (11/11/2010) 01 05 32 53 71
2446 (12/11/2010) 04 49 51 58 60
2447 (13/11/2010) 09 22 38 39 55
2448 (16/11/2010) 14 17 28 47 56
2449 (17/11/2010) 02 11 28 42 76
2450 (18/11/2010) 20 33 42 49 72
2451 (19/11/2010) 01 20 31 36 61
2452 (20/11/2010) 14 26 32 47 69
2453 (22/11/2010) 24 25 55 62 69
2454 (23/11/2010) 33 39 48 65 77
2455 (24/11/2010) 05 29 35 58 62
2456 (25/11/2010) 01 31 44 54 72
2457 (26/11/2010) 21 31 62 68 78
2458 (27/11/2010) 11 15 26 29 39
2459 (29/11/2010) 21 29 60 62 65
2460 (30/11/2010) 11 18 26 53 56
2461 (01/12/2010) 02 17 22 74 75
2462 (02/12/2010) 28 30 47 55 58
2463 (03/12/2010) 01 42 48 53 62
2464 (04/12/2010) 08 25 30 52 67
2465 (06/12/2010) 01 15 20 57 79
2466 (07/12/2010) 01 10 23 52 53
2467 (08/12/2010) 05 07 33 36 38
2468 (09/12/2010) 56 69 74 75 78
2469 (10/12/2010) 04 20 25 34 56
2470 (11/12/2010) 02 04 20 25 57
2471 (13/12/2010) 23 40 41 78 80
2472 (14/12/2010) 48 61 66 69 72
2473 (15/12/2010) 19 31 41 47 55
2474 (16/12/2010) 11 15 39 40 69
2475 (17/12/2010) 05 18 22 34 56
2476 (18/12/2010) 18 26 29 59 69
2477 (20/12/2010) 04 23 33 44 46
2478 (21/12/2010) 02 60 61 64 76
2479 (22/12/2010) 04 38 46 52 72
2480 (23/12/2010) 01 31 44 48 78
2481 (24/12/2010) 18 27 31 63 78
2482 (27/12/2010) 17 19 20 26 47
2483 (28/12/2010) 02 13 42 52 75
2484 (29/12/2010) 22 52 57 59 72
2485 (30/12/2010) 05 18 32 58 64
2486 (31/12/2010) 11 28 41 69 72
2487 (03/01/2011) 01 30 50 57 65
2488 (04/01/2011) 02 04 26 49 55
2489 (05/01/2011) 07 24 29 35 56
2490 (06/01/2011) 15 41 48 52 58
2491 (07/01/2011) 32 37 44 50 58
2492 (08/01/2011) 14 28 39 71 77
2493 (10/01/2011) 02 14 31 60 64
2494 (11/01/2011) 07 12 52 68 79
2495 (12/01/2011) 12 18 26 31 33
2496 (13/01/2011) 03 28 33 52 57
2497 (14/01/2011) 10 31 44 53 75
2498 (15/01/2011) 07 08 45 47 62
2499 (17/01/2011) 09 13 28 55 64
2500 (18/01/2011) 28 61 66 68 70
2501 (19/01/2011) 04 39 41 54 73
2502 (20/01/2011) 08 31 49 63 64
2503 (21/01/2011) 37 39 43 68 75
2504 (22/01/2011) 26 47 54 55 79
2505 (24/01/2011) 25 38 39 52 53
2506 (25/01/2011) 44 47 49 55 80
2507 (26/01/2011) 31 60 62 73 76
2508 (27/01/2011) 12 17 23 26 60
2509 (28/01/2011) 13 61 69 70 71
2510 (29/01/2011) 34 50 71 77 78
2511 (31/01/2011) 03 21 39 45 53
2512 (01/02/2011) 31 39 46 66 79
2513 (02/02/2011) 16 26 47 50 78
2514 (03/02/2011) 15 27 30 58 61
2515 (04/02/2011) 18 24 41 67 76
2516 (05/02/2011) 06 28 37 38 77
2517 (07/02/2011) 10 14 22 68 77
2518 (08/02/2011) 06 32 47 54 78
2519 (09/02/2011) 31 33 39 49 54
2520 (10/02/2011) 06 07 14 51 52
2521 (11/02/2011) 10 40 59 64 74
2522 (12/02/2011) 45 47 52 73 76
2523 (14/02/2011) 36 38 57 67 68
2524 (15/02/2011) 04 05 06 41 76
2525 (16/02/2011) 29 33 47 63 76
2526 (17/02/2011) 21 34 37 43 71
2527 (18/02/2011) 01 19 37 44 48
2528 (19/02/2011) 11 48 49 50 54
2529 (21/02/2011) 23 32 71 75 77
2530 (22/02/2011) 04 11 18 38 64
2531 (23/02/2011) 05 28 55 58 78
2532 (24/02/2011) 04 07 60 73 74
2533 (25/02/2011) 04 08 18 47 78
2534 (26/02/2011) 04 07 33 52 57
2535 (28/02/2011) 07 25 26 37 55
2536 (01/03/2011) 14 24 27 73 75
2537 (02/03/2011) 12 46 48 72 77
2538 (03/03/2011) 22 31 48 70 76
2539 (04/03/2011) 22 29 50 58 78
2540 (05/03/2011) 37 42 49 51 76
2541 (09/03/2011) 07 14 24 62 68
2542 (10/03/2011) 36 48 52 71 74
2543 (11/03/2011) 08 28 34 48 64
2544 (12/03/2011) 16 19 21 28 61
2545 (14/03/2011) 01 08 55 74 80
2546 (15/03/2011) 06 23 33 36 53
2547 (16/03/2011) 15 26 62 74 80
2548 (17/03/2011) 04 10 52 73 75
2549 (18/03/2011) 17 22 25 39 40
2550 (19/03/2011) 17 21 50 68 76
2551 (21/03/2011) 04 05 15 46 60
2552 (22/03/2011) 39 41 42 63 69
2553 (23/03/2011) 01 22 38 57 62
2554 (24/03/2011) 03 62 63 66 69
2555 (25/03/2011) 10 36 38 51 80
2556 (26/03/2011) 05 20 26 52 80
2557 (28/03/2011) 05 27 30 50 62
2558 (29/03/2011) 12 39 40 70 75
2559 (30/03/2011) 34 37 55 60 70
2560 (31/03/2011) 02 10 14 24 34
2561 (01/04/2011) 02 26 51 52 65
2562 (02/04/2011) 04 10 15 48 54
2563 (04/04/2011) 44 58 66 67 75
2564 (05/04/2011) 15 22 34 60 61
2565 (06/04/2011) 04 46 48 49 65
2566 (07/04/2011) 15 25 37 43 55
2567 (08/04/2011) 06 48 53 77 79
2568 (09/04/2011) 07 19 46 69 73
2569 (11/04/2011) 04 10 11 21 53
2570 (12/04/2011) 36 39 75 78 79
2571 (13/04/2011) 28 51 59 68 77
2572 (14/04/2011) 16 28 34 64 77
2573 (15/04/2011) 10 26 33 37 59
2574 (16/04/2011) 06 13 32 47 50
2575 (18/04/2011) 07 11 13 26 35
2576 (19/04/2011) 28 33 39 46 74
2577 (20/04/2011) 15 27 40 68 76
2578 (23/04/2011) 04 13 51 72 73
2579 (25/04/2011) 33 46 72 74 78
2580 (26/04/2011) 20 38 40 45 48
2581 (27/04/2011) 05 22 36 41 79
2582 (28/04/2011) 15 29 58 67 70
2583 (29/04/2011) 10 22 23 35 60
2584 (30/04/2011) 23 35 50 55 75
2585 (02/05/2011) 04 05 10 34 55
2586 (03/05/2011) 18 28 39 44 55
2587 (04/05/2011) 12 28 39 58 80
2588 (05/05/2011) 18 59 62 72 77
2589 (06/05/2011) 18 40 62 66 75
2590 (07/05/2011) 22 23 50 68 69
2591 (09/05/2011) 46 49 55 57 70
2592 (10/05/2011) 42 54 57 63 68
2593 (11/05/2011) 02 05 27 29 80
2594 (12/05/2011) 32 42 44 52 62
2595 (13/05/2011) 29 40 43 62 68
2596 (14/05/2011) 05 18 49 59 65
2597 (16/05/2011) 33 50 52 69 70
2598 (17/05/2011) 39 49 50 67 76
2599 (18/05/2011) 16 31 36 44 68
2600 (19/05/2011) 01 08 43 65 80
2601 (20/05/2011) 05 12 29 35 65
2602 (21/05/2011) 04 05 13 14 17
2603 (23/05/2011) 06 28 36 55 76
2604 (24/05/2011) 25 29 71 72 78
2605 (25/05/2011) 34 53 67 73 79
2606 (26/05/2011) 20 36 59 65 79
2607 (27/05/2011) 20 27 29 48 67
2608 (28/05/2011) 03 08 49 54 63
2609 (30/05/2011) 01 11 35 77 79
2610 (31/05/2011) 18 21 43 45 47
2611 (01/06/2011) 25 32 51 64 80
2612 (02/06/2011) 03 22 34 72 75
2613 (03/06/2011) 02 15 38 41 61
2614 (04/06/2011) 04 21 29 30 80
2615 (06/06/2011) 19 31 47 49 65
2616 (07/06/2011) 07 15 16 40 43
2617 (08/06/2011) 07 12 16 35 50
2618 (09/06/2011) 01 13 53 54 72
2619 (10/06/2011) 04 05 06 42 66
2620 (11/06/2011) 05 22 39 40 56
2621 (13/06/2011) 28 30 49 61 80
2622 (14/06/2011) 09 27 55 63 74
2623 (15/06/2011) 03 10 52 60 62
2624 (16/06/2011) 32 49 57 62 71
2625 (17/06/2011) 17 20 29 56 61
2626 (18/06/2011) 37 42 48 64 71
2627 (24/06/2011) 14 15 28 58 68
2628 (25/06/2011) 04 37 49 51 68
2629 (27/06/2011) 43 45 48 66 69
2630 (28/06/2011) 07 41 48 58 62
2631 (29/06/2011) 05 10 24 51 64
2632 (30/06/2011) 16 52 56 59 65
2633 (01/07/2011) 02 14 28 35 48
2634 (02/07/2011) 10 23 44 56 71
2635 (04/07/2011) 04 20 40 50 62
2636 (05/07/2011) 29 35 36 48 62
2637 (06/07/2011) 26 27 46 51 75
2638 (07/07/2011) 08 24 26 35 75
2639 (08/07/2011) 23 24 37 49 78
2640 (09/07/2011) 04 12 26 57 67
2641 (11/07/2011) 05 21 36 45 73
2642 (12/07/2011) 22 59 62 63 77
2643 (13/07/2011) 03 23 33 68 73
2644 (14/07/2011) 28 33 71 72 79
2645 (15/07/2011) 23 31 46 47 76
2646 (16/07/2011) 09 22 43 53 67
2647 (18/07/2011) 16 32 37 53 59
2648 (19/07/2011) 39 52 54 63 69
2649 (20/07/2011) 11 18 20 58 60
2650 (21/07/2011) 08 19 29 47 74
2651 (22/07/2011) 06 10 16 49 78
2652 (23/07/2011) 41 57 60 68 80
2653 (25/07/2011) 18 23 48 78 79
2654 (26/07/2011) 02 41 53 71 72
2655 (27/07/2011) 16 64 66 74 77
2656 (28/07/2011) 13 26 45 63 68
2657 (29/07/2011) 06 09 12 25 27
2658 (30/07/2011) 08 28 42 51 68
2659 (01/08/2011) 12 26 38 49 62
2660 (02/08/2011) 03 09 10 40 70
2661 (03/08/2011) 03 16 17 34 67
2662 (04/08/2011) 02 21 53 59 74
2663 (05/08/2011) 45 48 55 59 80
2664 (06/08/2011) 02 23 39 47 66
2665 (08/08/2011) 23 44 54 68 79
2666 (09/08/2011) 05 07 16 25 26
2667 (10/08/2011) 27 28 38 44 57
2668 (11/08/2011) 16 22 54 67 77
