0001 (01/03/2008) 24 31 51 57 63 71 80 - PALMAS/TO
0002 (08/03/2008) 18 20 25 31 50 63 77 - SÃO PAULO/SP
0003 (15/03/2008) 09 21 29 36 43 72 74 - NÁUTICO/PE
0004 (22/03/2008) 15 38 54 66 68 70 71 - SÃO RAIMUNDO/AM
0005 (29/03/2008) 15 20 23 24 51 54 58 - MIXTO/MT
0006 (05/04/2008) 01 08 17 55 59 60 80 - RIO BRANCO/AC
0007 (13/04/2008) 15 18 29 37 42 55 77 - UBERLÂNDIA/MG
0008 (20/04/2008) 48 50 61 71 74 75 76 - ATLÉTICO/MG
0009 (27/04/2008) 05 24 37 56 58 69 78 - PALMAS/TO
0010 (04/05/2008) 01 14 23 37 53 59 74 - JI-PARANÁ/RO
0011 (10/05/2008) 03 11 12 37 50 71 75 - PAULISTA/SP
0012 (17/05/2008) 02 13 15 24 39 56 73 - AMÉRICA/RN
0013 (24/05/2008) 06 28 32 37 73 75 79 - UNIÃO BARBARENSE/SP
0014 (31/05/2008) 15 19 32 51 57 60 68 - BRASILIENSE/DF
0015 (08/06/2008) 03 09 20 21 25 58 64 - VILA NOVA/GO
0016 (15/06/2008) 05 38 42 52 55 57 59 - FORTALEZA/CE
0017 (22/06/2008) 10 12 20 23 30 50 53 - FIGUEIRENSE/SC
0018 (29/06/2008) 09 15 26 33 54 63 70 - PORTUGUESA DESPORTOS/SP
0019 (06/07/2008) 26 38 44 49 55 60 75 - CSA/AL
0020 (13/07/2008) 19 28 37 39 53 64 73 - FIGUEIRENSE/SC
0021 (20/07/2008) 01 15 46 59 65 75 80 - FLUMINENSE/RJ
0022 (27/07/2008) 04 07 21 52 55 60 78 - LONDRINA/PR
0023 (03/08/2008) 12 16 17 20 23 60 62 - GAMA/DF
0024 (10/08/2008) 04 59 61 62 72 78 80 - PARANÁ/PR
0025 (17/08/2008) 04 23 44 47 49 51 75 - YPIRANGA/AP
0026 (24/08/2008) 07 14 22 48 54 70 74 - ATLÉTICO/MG
0027 (31/08/2008) 04 08 20 31 48 54 55 - GRÊMIO/RS
0028 (07/09/2008) 15 24 26 55 66 72 78 - SANTOS/SP
0029 (14/09/2008) 04 08 25 34 49 52 68 - RIO BRANCO/AC
0030 (21/09/2008) 01 09 19 20 33 44 69 - AMÉRICA/RN
0031 (28/09/2008) 01 12 46 52 63 70 74 - BAHIA/BA
0032 (05/10/2008) 02 19 23 25 41 45 54 - VITÓRIA/BA
0033 (11/10/2008) 13 29 30 35 62 78 79 - SÃO RAIMUNDO/AM
0034 (19/10/2008) 28 29 34 48 56 57 60 - VASCO DA GAMA/RJ
0035 (26/10/2008) 16 20 25 50 70 75 77 - FORTALEZA/CE
0036 (01/11/2008) 10 20 42 54 58 59 72 - MIXTO/MT
0037 (09/11/2008) 06 08 12 19 37 51 55 - SÃO RAIMUNDO/AM
0038 (16/11/2008) 08 21 30 35 49 69 71 - GOIÁS/GO
0039 (23/11/2008) 13 28 31 41 52 61 80 - RIO BRANCO/ES
0040 (30/11/2008) 09 35 36 45 54 64 76 - FIGUEIRENSE/SC
0041 (07/12/2008) 19 25 37 42 63 75 79 - BANGU/RJ
0042 (14/12/2008) 08 19 41 47 50 71 78 - BARUERI/SP
0043 (21/12/2008) 10 23 42 52 60 66 73 - FLAMENGO/RJ
0044 (28/12/2008) 20 21 27 30 64 66 76 - SANTOS/SP
0045 (04/01/2009) 20 26 28 34 55 71 76 - SPORT/PE
0046 (10/01/2009) 08 16 36 57 60 69 75 - UBERLÂNDIA/MG
0047 (18/01/2009) 25 27 29 46 64 73 79 - XV NOV. PIRACICABA/SP
0048 (24/01/2009) 16 20 33 52 59 65 80 - ATLÉTICO/MG
0049 (01/02/2009) 12 17 20 27 36 38 69 - CEARÁ/CE
0050 (08/02/2009) 05 20 23 24 56 72 77 - VILA NOVA/GO
0051 (15/02/2009) 15 27 28 30 43 52 67 - MARÍLIA/SP
0052 (22/02/2009) 01 29 38 42 53 55 71 - RIO BRANCO/ES
0053 (28/02/2009) 01 13 16 44 60 66 71 - GAMA/DF
0054 (07/03/2009) 08 18 20 38 40 48 71 - FLAMENGO/RJ
0055 (15/03/2009) 14 26 37 43 60 69 77 - ATLÉTICO/GO
0056 (21/03/2009) 14 18 44 45 60 61 76 - IPATINGA/MG
0057 (29/03/2009) 12 23 31 41 56 61 67 - BOTAFOGO/RJ
0058 (04/04/2009) 04 09 30 32 38 47 71 - JUVENTUDE/RS
0059 (11/04/2009) 02 09 27 30 38 61 72 - SPORT/PE
0060 (18/04/2009) 23 24 39 53 54 55 69 - RIO BRANCO/ES
0061 (25/04/2009) 04 14 41 42 50 64 70 - JUVENTUDE/RS
0062 (02/05/2009) 16 19 33 59 69 70 80 - INTERNACIONAL/RS
0063 (09/05/2009) 13 17 29 45 48 56 62 - AMÉRICA/MG
0064 (16/05/2009) 40 44 51 56 64 71 77 - SERGIPE/SE
0065 (23/05/2009) 11 14 28 36 59 72 79 - CORITIBA/PR
0066 (30/05/2009) 04 16 17 24 31 59 71 - UBERLÂNDIA/MG
0067 (06/06/2009) 13 20 21 32 70 74 79 - ATLÉTICO/GO
0068 (13/06/2009) 04 13 24 41 49 52 80 - REMO/PA
0069 (20/06/2009) 05 08 10 38 55 71 78 - TUNA LUSO/PA
0070 (27/06/2009) 06 08 18 19 45 46 73 - MARÍLIA/SP
0071 (04/07/2009) 03 08 09 27 28 52 78 - PAYSANDU/PA
0072 (11/07/2009) 01 06 21 26 36 40 55 - PORTUGUESA DESPORTOS/SP
0073 (18/07/2009) 03 07 39 42 48 57 75 - TREZE/PB
0074 (25/07/2009) 03 20 25 31 40 51 60 - AMÉRICA/RJ
0075 (01/08/2009) 06 12 22 50 52 59 72 - RIVER/PI
0076 (08/08/2009) 25 34 46 51 52 64 76 - TREZE/PB
0077 (15/08/2009) 19 20 23 44 49 57 64 - BANGU/RJ
0078 (22/08/2009) 22 38 39 44 48 52 56 - VITÓRIA/BA
0079 (29/08/2009) 02 08 37 39 46 52 80 - NACIONAL/AM
0080 (05/09/2009) 08 15 20 42 43 44 48 - CRB/AL
0081 (12/09/2009) 06 07 12 15 66 68 80 - AMÉRICA/RJ
0082 (19/09/2009) 30 42 43 46 57 63 64 - FIGUEIRENSE/SC
0083 (26/09/2009) 11 25 28 48 52 62 78 - RORAIMA/RR
0084 (03/10/2009) 03 04 07 10 27 34 73 - SAMPAIO CORRÊA/MA
0085 (10/10/2009) 09 17 21 36 50 64 67 - AMÉRICA/MG
0086 (17/10/2009) 19 23 32 41 55 71 80 - JUVENTUS/SP
0087 (24/10/2009) 11 21 25 34 37 55 72 - VASCO DA GAMA/RJ
0088 (31/10/2009) 09 18 19 40 60 65 75 - PALMEIRAS/SP
0089 (07/11/2009) 04 08 10 41 62 72 73 - RIVER/PI
0090 (14/11/2009) 44 65 68 69 71 73 76 - SÃO PAULO/SP
0091 (21/11/2009) 05 12 17 25 52 57 76 - ATLÉTICO/GO
0092 (28/11/2009) 01 04 09 39 40 56 62 - YPIRANGA/AP
0093 (05/12/2009) 04 08 17 30 46 47 60 - MOTO CLUBE/MA
0094 (12/12/2009) 07 12 34 46 52 56 79 - IPATINGA/MG
0095 (19/12/2009) 13 30 34 36 67 73 74 - AMÉRICA/RN
0096 (26/12/2009) 04 09 20 32 36 51 80 - PORTUGUESA DESPORTOS/SP
0097 (09/01/2010) 04 15 38 40 45 60 66 - AMÉRICA/RJ
0098 (16/01/2010) 05 28 35 40 41 50 71 - GOIÁS/GO
0099 (23/01/2010) 05 12 28 52 60 63 66 - LONDRINA/PR
0100 (30/01/2010) 14 36 38 58 70 72 74 - PAYSANDU/PA
0101 (06/02/2010) 01 46 59 60 63 76 80 - CEARÁ/CE
0102 (13/02/2010) 26 28 34 45 48 49 77 - GAMA/DF
0103 (20/02/2010) 03 07 16 21 42 71 80 - RORAIMA/RR
0104 (27/02/2010) 04 58 61 62 66 69 80 - UNIÃO SÃO JOÃO/SP
0105 (06/03/2010) 02 03 10 17 51 52 75 - MARÍLIA/SP
0106 (13/03/2010) 11 17 18 19 59 73 75 - INTER LIMEIRA/SP
0107 (20/03/2010) 06 09 13 38 46 58 80 - BAHIA/BA
0108 (27/03/2010) 05 20 26 34 38 78 79 - CORINTHIANS/SP
0109 (03/04/2010) 08 10 12 15 51 66 68 - SANTOS/SP
0110 (10/04/2010) 03 14 24 41 42 59 63 - UNIÃO SÃO JOÃO/SP
0111 (17/04/2010) 01 02 08 13 31 67 69 - AMÉRICA/RJ
0112 (24/04/2010) 05 07 39 50 60 67 70 - RIVER/PI
0113 (30/04/2010) 04 17 24 39 69 75 77 - UNIÃO SÃO JOÃO/SP
0114 (08/05/2010) 17 18 44 60 68 77 79 - PALMEIRAS/SP
0115 (15/05/2010) 03 20 35 49 54 55 72 - RIO BRANCO/AC
0116 (22/05/2010) 04 12 24 34 54 62 65 - XV NOV. PIRACICABA/SP
0117 (29/05/2010) 10 33 40 51 61 76 79 - CRUZEIRO/MG
0118 (05/06/2010) 29 30 42 59 60 66 68 - INTERNACIONAL/RS
0119 (12/06/2010) 11 19 28 41 44 56 72 - SÃO PAULO/SP
0120 (19/06/2010) 01 07 14 44 46 51 73 - BRASILIENSE/DF
0121 (26/06/2010) 08 31 35 43 47 67 76 - MARÍLIA/SP
0122 (03/07/2010) 48 49 52 64 67 69 70 - RIVER/PI
0123 (10/07/2010) 03 17 37 54 56 60 61 - BRAGANTINO/SP
0124 (17/07/2010) 01 16 20 43 46 70 71 - BARUERI/SP
0125 (21/07/2010) 05 19 25 41 56 69 72 - BARUERI/SP
0126 (24/07/2010) 16 17 23 30 37 64 72 - CORITIBA/PR
0127 (28/07/2010) 01 09 19 35 48 78 79 - INTERNACIONAL/RS
0128 (31/07/2010) 08 16 20 27 38 70 78 - INTER LIMEIRA/SP
0129 (04/08/2010) 08 10 22 28 55 69 70 - FORTALEZA/CE
0130 (07/08/2010) 12 30 45 51 57 68 76 - ATLÉTICO/GO
0131 (11/08/2010) 04 11 24 39 40 41 42 - UNIÃO BARBARENSE/SP
0132 (14/08/2010) 19 26 36 39 66 71 78 - INTERNACIONAL/RS
0133 (18/08/2010) 04 14 20 26 52 62 66 - FLUMINENSE/RJ
0134 (21/08/2010) 02 04 49 51 60 75 78 - NACIONAL/AM
0135 (25/08/2010) 08 09 23 49 55 58 62 - JUVENTUS/SP
0136 (28/08/2010) 03 11 13 22 36 41 52 - OPERARIO/MS
0137 (01/09/2010) 15 26 32 50 58 70 71 - MIXTO/MT
0138 (04/09/2010) 17 18 33 34 40 60 71 - TREZE/PB
0139 (08/09/2010) 01 11 27 31 35 44 61 - RIO BRANCO/AC
0140 (11/09/2010) 25 26 27 36 47 66 74 - BANGU/RJ
0141 (15/09/2010) 21 26 47 55 62 63 72 - CRUZEIRO/MG
0142 (18/09/2010) 40 55 61 65 76 79 80 - SANTO ANDRÉ/SP
0143 (22/09/2010) 01 04 05 26 60 61 62 - ITUANO/SP
0144 (25/09/2010) 12 31 32 61 70 75 80 - SÃO RAIMUNDO/AM
0145 (29/09/2010) 02 35 55 65 67 74 75 - ATLÉTICO/GO
0146 (02/10/2010) 15 27 43 46 53 56 79 - SANTO ANDRÉ/SP
0147 (06/10/2010) 12 49 61 69 70 76 78 - SERGIPE/SE
0148 (09/10/2010) 27 30 39 49 70 73 78 - RIO BRANCO/ES
0149 (13/10/2010) 13 15 29 46 61 62 63 - SÃO RAIMUNDO/AM
0150 (16/10/2010) 08 10 17 40 61 63 79 - RORAIMA/RR
0151 (20/10/2010) 01 41 45 47 62 65 79 - JUVENTUDE/RS
0152 (23/10/2010) 02 08 16 20 27 51 65 - BOTAFOGO/RJ
0153 (27/10/2010) 03 10 15 20 46 57 80 - SÃO  CAETANO/SP
0154 (30/10/2010) 01 06 14 19 22 36 52 - PALMAS/TO
0155 (03/11/2010) 21 23 28 48 55 67 71 - CSA/AL
0156 (06/11/2010) 19 27 49 50 69 70 77 - SANTO ANDRÉ/SP
0157 (10/11/2010) 26 29 54 63 67 73 78 - AMERICANO/RJ
0158 (13/11/2010) 09 19 26 28 30 35 53 - RORAIMA/RR
0159 (17/11/2010) 02 12 28 29 56 70 76 - BRASILIENSE/DF
0160 (20/11/2010) 07 16 34 35 45 55 71 - FLAMENGO/RJ
0161 (24/11/2010) 47 52 55 56 59 70 80 - FIGUEIRENSE/SC
0162 (27/11/2010) 10 23 34 44 47 50 72 - PALMEIRAS/SP
0163 (01/12/2010) 22 23 27 51 62 77 80 - SANTA CRUZ/PE
0164 (04/12/2010) 07 10 31 33 36 49 63 - CSA/AL
0165 (08/12/2010) 13 31 39 45 62 67 80 - PONTE PRETA/SP
0166 (11/12/2010) 04 48 51 53 71 72 75 - REMO/PA
0167 (15/12/2010) 08 10 24 29 30 40 59 - PARANÁ/PR
0168 (18/12/2010) 04 15 20 31 47 74 79 - TREZE/PB
0169 (22/12/2010) 12 23 24 39 51 63 66 - SAMPAIO CORRÊA/MA
0170 (24/12/2010) 11 20 27 51 55 56 64 - LONDRINA/PR
0171 (29/12/2010) 09 23 26 35 55 64 71 - SANTA CRUZ/PE
0172 (31/12/2010) 12 13 26 32 47 57 74 - SANTO ANDRÉ/SP
0173 (05/01/2011) 06 10 34 59 68 70 74 - TREZE/PB
0174 (08/01/2011) 01 03 04 14 24 35 48 - PAYSANDU/PA
0175 (12/01/2011) 05 13 30 32 59 66 67 - XV NOV. PIRACICABA/SP
0176 (15/01/2011) 25 34 40 50 52 66 80 - PALMAS/TO
0177 (19/01/2011) 12 25 30 34 59 62 80 - RORAIMA/RR
0178 (22/01/2011) 11 27 39 50 71 72 80 - IPATINGA/MG
0179 (26/01/2011) 01 38 51 60 63 68 69 - MIXTO/MT
0180 (29/01/2011) 16 32 35 36 56 73 74 - BOTAFOGO/RJ
0181 (02/02/2011) 06 15 32 33 54 63 80 - RIVER/PI
0182 (05/02/2011) 02 03 30 37 51 57 61 - UNIÃO SÃO JOÃO/SP
0183 (09/02/2011) 16 24 32 36 39 51 71 - MOTO CLUBE/MA
0184 (12/02/2011) 25 36 48 55 59 62 74 - NACIONAL/AM
0185 (16/02/2011) 07 26 41 45 50 59 62 - PAULISTA/SP
0186 (19/02/2011) 13 29 30 31 34 55 75 - AMÉRICA/RJ
0187 (23/02/2011) 07 11 30 61 76 77 80 - AMÉRICA/RJ
0188 (26/02/2011) 27 28 29 73 77 78 79 - SÃO PAULO/SP
0189 (02/03/2011) 12 17 20 27 31 35 53 - A B C/RN
0190 (05/03/2011) 04 23 65 68 70 71 73 - FIGUEIRENSE/SC
0191 (09/03/2011) 24 27 33 34 41 42 79 - SANTO ANDRÉ/SP
0192 (12/03/2011) 07 14 27 28 38 67 71 - MOTO CLUBE/MA
0193 (16/03/2011) 13 14 27 31 45 68 75 - SÃO CAETANO/SP
0194 (19/03/2011) 08 24 33 45 61 63 72 - MARÍLIA/SP
0195 (23/03/2011) 08 13 21 40 52 53 62 - NACIONAL/AM
0196 (26/03/2011) 05 11 24 41 67 70 78 - GRÊMIO/RS
0197 (30/03/2011) 04 11 16 24 55 66 79 - JUVENTUDE/RS
0198 (02/04/2011) 08 30 37 45 54 64 69 - MOTO CLUBE/MA
0199 (06/04/2011) 16 17 46 47 56 57 60 - REMO/PA
0200 (09/04/2011) 09 23 27 31 36 75 79 - BRASILIENSE/DF
0201 (13/04/2011) 03 27 30 37 40 50 78 - ATLÉTICO/MG
0202 (16/04/2011) 25 41 60 65 67 73 76 - AMERICANO/RJ
0203 (20/04/2011) 08 19 61 65 67 73 77 - AMÉRICA/RJ
0204 (23/04/2011) 21 25 36 44 45 67 78 - VASCO DA GAMA/RJ
0205 (27/04/2011) 18 21 29 33 35 41 66 - GOIÁS/GO
0206 (30/04/2011) 02 11 30 36 66 71 77 - BRAGANTINO/SP
0207 (04/05/2011) 19 39 55 57 59 61 67 - P.  DESPORTOS/SP
0208 (07/05/2011) 04 07 11 12 13 15 70 - BOTAFOGO/PB
0209 (11/05/2011) 10 33 47 54 67 73 77 - JOINVILLE/SC
0210 (14/05/2011) 17 26 38 51 52 60 61 - VILLA NOVA/MG
0211 (18/05/2011) 05 23 26 32 36 39 56 - FLAMENGO/RJ
0212 (21/05/2011) 13 19 22 35 43 49 51 - NACIONAL/AM
0213 (25/05/2011) 06 12 14 23 28 35 52 - UNIÃO SÃO JOÃO/SP
0214 (28/05/2011) 06 12 17 56 66 70 71 - SANTO ANDRÉ/SP
0215 (01/06/2011) 01 04 17 42 48 50 78 - GAMA/DF
0216 (04/06/2011) 04 09 15 41 55 57 65 - RIO BRANCO/ES
0217 (08/06/2011) 04 13 21 31 48 57 72 - CORINTHIANS/SP
0218 (11/06/2011) 02 20 28 32 48 60 74 - JUVENTUDE/RS
0219 (15/06/2011) 19 35 42 45 54 60 65 - CRICIÚMA/SC
0220 (18/06/2011) 05 09 23 25 28 32 65 - SERGIPE/SE
0221 (22/06/2011) 06 34 38 44 59 74 79 - TREZE/PB
0222 (25/06/2011) 02 03 07 11 56 61 65 - INTER LIMEIRA/SP
0223 (29/06/2011) 05 10 18 55 56 59 72 - NACIONAL/AM
0224 (02/07/2011) 14 16 17 20 21 28 74 - MOTO CLUBE/MA
0225 (06/07/2011) 02 26 30 37 45 47 61 - BOTAFOGO/RJ
0226 (09/07/2011) 16 19 29 39 45 67 71 - RORAIMA/RR
0227 (13/07/2011) 03 27 34 44 62 63 75 - AMÉRICA/RJ
0228 (16/07/2011) 13 25 34 39 55 59 76 - AMÉRICA/RJ
0229 (20/07/2011) 10 11 24 26 36 47 51 - S. PAULO/SP
0230 (23/07/2011) 04 19 25 35 54 63 69 - RIVER/PI
0231 (27/07/2011) 17 18 30 41 50 55 62 - YPIRANGA/AP
0232 (30/07/2011) 21 28 60 63 64 65 75 - XV PIRACICABA/SP
0233 (03/08/2011) 11 16 32 41 56 68 78 - CEARÁ/CE
0234 (06/08/2011) 02 08 22 23 30 35 62 - CRICIÚMA/SC
0235 (10/08/2011) 11 36 43 48 60 66 72 - SAMPAIO CORRÊA/MA
